-6.8527943e-01
  -6.4156220e-01
  -4.4344439e-01
   2.5970526e-01
  -7.3238201e-01
   6.1122999e-01
   6.9511216e-01
   7.0019189e-01
  -3.4039292e-01
  -5.8595077e-01
   7.6978627e-01
  -7.3651052e-01
   7.8667201e-02
  -6.6365828e-01
   5.4830522e-01
   2.6607982e-01
   5.2330098e-01
  -5.3371770e-01
  -9.4445948e-01
  -9.8297609e-01
   8.3897465e-01
   2.3069426e-02
  -5.0517631e-01
   1.6259593e-01
   2.3408398e-01
  -9.8968814e-01
  -4.4120316e-01
  -9.0535238e-01
  -1.8635900e-01
   8.4326164e-02
  -7.8382965e-01
   9.4178711e-01
   3.9030785e-01
  -3.7646291e-01
   7.7872352e-02
   5.8795069e-01
   8.9416002e-01
  -2.4958171e-01
   3.8749060e-01
  -2.1838242e-01
  -8.8566005e-01
  -2.1829221e-01
  -2.1189143e-02
  -7.5457100e-01
   2.1855644e-01
  -9.4090385e-02
  -1.9719245e-01
  -7.6201267e-01
  -8.6129220e-01
   6.5233706e-01
   8.4593950e-01
   3.7448767e-01
  -3.3950806e-01
  -5.4015766e-01
  -5.4568355e-01
  -8.9788880e-01
  -9.0049435e-01
  -1.2091902e-01
  -2.7988649e-01
   7.9140694e-01
   5.5940421e-01
  -9.3221398e-01
   2.2136481e-01
  -5.8341716e-01
   8.8106096e-01
   1.4106844e-01
   8.2277365e-01
   4.5878779e-01
  -9.2012828e-01
  -1.3404139e-01
  -5.8949766e-01
   6.1081063e-01
  -9.4989251e-01
  -5.0581595e-02
   3.6086268e-01
   9.8819092e-01
   5.4147088e-01
  -9.9911445e-01
   7.8475617e-01
   9.0992760e-02
   3.9442375e-01
  -4.7970448e-01
  -2.5857206e-02
   4.5517312e-02
  -9.5109159e-01
  -3.6696437e-01
   8.1451469e-01
  -1.1879187e-01
   7.5228177e-01
   5.1023791e-01
   5.6682887e-01
   8.9008861e-01
   9.7908545e-01
  -4.4857170e-01
   2.0300124e-01
   6.6072813e-02
   9.5187753e-01
   9.0878894e-01
  -3.9671055e-01
   4.8730792e-01
   3.4028623e-01
  -2.2801414e-01
   9.8476234e-01
  -3.8278701e-01
   5.0742723e-03
   4.6727206e-01
  -6.3961477e-01
  -6.1771215e-01
   7.2658614e-02
   9.9948465e-01
  -7.6762479e-01
  -5.1239579e-01
  -1.3385714e-01
  -6.7955895e-01
   5.5040750e-01
  -8.6954399e-01
   1.8950929e-01
  -4.9529775e-01
  -2.2670852e-01
  -5.3025458e-01
   4.1400590e-01
  -6.1656922e-01
  -2.4210127e-02
   6.2193136e-01
   4.7403137e-01
  -2.7641826e-01
   8.3655813e-02
  -6.3130002e-01
   5.1801111e-01
   7.6899654e-01
  -5.9627459e-01
  -1.7192625e-02
  -8.5922835e-01
  -6.8687519e-01
  -8.1724780e-01
  -8.2670382e-01
   4.3074127e-01
  -9.7922142e-01
  -7.6001101e-01
  -6.4778235e-01
  -6.1448698e-01
  -7.4167796e-01
  -5.2002430e-01
  -3.2902004e-01
  -1.8057778e-01
  -5.2512183e-01
  -7.9553256e-01
   9.5684433e-01
   7.6008494e-01
   8.5638842e-01
  -6.5245833e-01
   3.2893476e-01
  -6.9149539e-01
  -2.4581972e-01
   9.3676368e-02
   7.0668465e-01
   2.3559895e-01
   2.8197071e-02
   9.3187918e-01
  -9.5331164e-01
   4.0961629e-01
  -9.6117108e-01
  -8.5313438e-01
   1.2730153e-01
   2.3112724e-01
  -6.4798586e-01
   8.3396540e-01
   1.0008689e-01
  -7.1072346e-01
   3.8130086e-01
   6.7028902e-01
  -8.1822575e-01
   4.4563123e-01
  -6.3113769e-01
  -1.5836097e-01
   8.0434825e-02
   9.3592532e-01
  -7.8677485e-01
  -9.8655823e-01
   4.4988929e-01
   6.7516619e-01
   5.0858056e-01
   9.7040199e-01
   6.5213247e-01
  -6.4018886e-01
   5.2852059e-01
   6.8542223e-01
  -2.5690944e-01
  -7.9796994e-01
  -8.5605965e-01
   1.2739481e-02
   4.3394157e-01
   8.9156379e-01
  -5.6139159e-01
  -8.8102872e-01
   5.9420293e-01
  -7.6097060e-02
  -4.2474450e-01
   9.4095353e-01
   2.1325297e-01
   5.0276625e-01
  -9.7547307e-01
  -2.0041777e-01
   5.6310480e-02
  -7.5011345e-01
  -3.1281209e-01
   6.0042539e-01
   4.6276961e-01
  -4.6758973e-01
   6.2336077e-01
  -8.7551287e-01
  -7.8052084e-01
  -7.3231371e-01
  -1.1630056e-02
  -1.5738877e-01
  -4.6320533e-01
  -3.4323569e-01
  -3.2285726e-01
  -7.8034870e-01
   8.6082243e-02
   2.6972661e-01
  -4.4173161e-01
   3.9563788e-01
  -2.5910793e-01
   3.7741920e-01
   2.9553134e-01
  -3.6926576e-01
  -6.4608553e-01
  -8.6897018e-01
  -9.3892237e-01
  -6.9069291e-01
   1.5590712e-01
   9.9244993e-01
  -8.9781517e-01
   9.2979818e-01
  -2.9010041e-01
   8.0937061e-01
  -7.0507561e-01
  -9.4970330e-01
   1.5848105e-01
   1.9850485e-01
   8.1768031e-02
   2.1362254e-01
  -1.8295569e-01
  -5.1897810e-01
  -1.6200618e-01
  -2.8569915e-01
  -9.8483806e-01
  -9.6908680e-01
  -3.2697895e-01
   5.7147352e-01
   7.9900090e-01
  -3.7975340e-01
   2.8801583e-01
   8.5762530e-01
  -9.8482296e-01
   9.4641979e-01
  -5.1375552e-01
  -4.8557267e-01
   5.1674610e-01
   9.5221030e-01
  -9.4109687e-01
  -9.8113879e-01
   2.6017671e-01
  -8.7219799e-01
   3.0844771e-01
   4.3243228e-01
  -3.3535080e-01
  -2.9153630e-01
  -9.5324899e-01
   3.2171147e-01
   7.3192042e-01
   3.1022375e-01
  -9.0853238e-01
   6.6180597e-01
   1.3053254e-02
   9.3390633e-01
   6.8194960e-01
   2.7696766e-01
   1.1733118e-01
   2.5483625e-01
   7.4309729e-01
   4.6644032e-01
   5.9744359e-01
   8.6192078e-01
   4.2052072e-02
  -3.2178216e-01
  -7.3381066e-01
  -1.1431953e-01
   8.8686278e-01
   8.7163087e-01
   9.1092722e-01
   6.6385285e-01
  -4.7403349e-01
  -6.4339039e-01
   5.5423982e-01
   4.9886441e-01
  -1.1126670e-01
  -1.1536419e-01
  -7.0533274e-02
   1.3433893e-01
  -3.9321283e-02
  -9.7772894e-01
   6.0043366e-01
  -2.6471435e-02
   3.9572895e-01
  -2.5479749e-01
  -7.2500290e-01
   8.6826414e-01
  -8.7086675e-01
  -2.8698847e-01
  -6.3130992e-01
   8.8807148e-01
  -8.3134905e-02
   5.3359153e-02
  -1.5697970e-01
  -9.6808751e-01
   2.9744917e-01
   8.2251132e-01
   7.9135761e-01
  -2.8420731e-01
   8.3026281e-01
  -9.1490064e-01
  -2.1913726e-01
  -4.8905781e-01
  -4.2909951e-01
  -1.6182870e-01
   8.2306010e-01
  -7.0954151e-01
   6.5324458e-01
  -1.0936321e-01
   5.6597317e-01
   9.9998593e-01
  -4.9527696e-01
   4.3343414e-01
   8.4580452e-03
   4.5864461e-02
   4.3072393e-01
   5.8012157e-01
   5.0470254e-02
  -3.0601676e-01
   1.7787231e-01
   5.8279091e-02
  -1.2443562e-01
   8.0852782e-01
   3.7540814e-01
  -4.2445426e-01
  -6.7279839e-01
  -5.6222768e-01
   6.1388537e-02
   8.8473238e-01
  -6.5797992e-01
   7.0971113e-01
  -6.3188992e-01
   4.2858968e-02
   2.1605057e-01
  -2.0706480e-01
  -6.4258741e-01
  -9.3402741e-01
  -7.1527090e-01
  -5.9059884e-01
   4.4549822e-01
   2.2470064e-01
  -4.1421266e-02
   2.4961801e-02
  -9.8973374e-01
  -2.9963077e-01
   6.5368955e-01
  -4.8420643e-01
   2.7339327e-01
   3.6032096e-01
  -4.8361267e-01
  -8.7422579e-01
   6.3594245e-01
   2.2142277e-01
  -6.8058679e-01
  -8.5348263e-01
  -7.4690758e-01
  -1.0898411e-02
   6.9564641e-01
   4.4857206e-03
   8.3675426e-01
   5.0168494e-01
   4.1690740e-01
  -2.7744136e-01
   5.2953592e-01
   6.8802006e-01
  -4.9091949e-01
   8.0251030e-01
  -5.1778605e-01
   2.9059210e-01
   1.0576023e-01
  -2.9252367e-01
   5.6609390e-01
   8.8375057e-01
   8.2520024e-01
   8.7467687e-01
   6.1248970e-02
  -3.7020701e-01
   9.3147602e-01
  -1.6361107e-01
  -9.1804855e-01
   5.2258941e-01
  -1.2373408e-01
  -7.1378403e-01
   2.7250438e-01
   8.4187856e-01
  -5.4718640e-01
  -7.6559604e-01
  -9.3300918e-01
   5.1362087e-01
   5.7160112e-01
  -2.3842175e-01
   1.0453416e-01
   6.8003840e-01
   3.7692717e-01
   5.1164611e-01
  -6.9602136e-01
  -4.2264631e-01
   4.8650631e-01
   6.5133794e-02
  -7.7988070e-01
  -3.1306616e-01
  -1.8389574e-01
   2.4230710e-01
   2.4785836e-02
  -4.8771819e-01
   4.6607520e-01
  -7.1702036e-01
   7.5881702e-01
   4.4364687e-01
  -6.2409857e-02
  -9.0070626e-01
  -8.5817894e-01
  -9.2991575e-01
   7.6159016e-01
   9.8058580e-01
  -2.2944343e-02
  -4.3435185e-03
   4.7506724e-02
  -9.9090622e-01
  -8.3467860e-01
  -7.7846778e-01
  -5.8429830e-01
  -6.4689479e-01
   1.5112224e-01
   4.0404858e-01
   3.9138009e-02
   4.1295908e-01
   7.1754301e-01
   2.5193323e-01
  -7.6034372e-01
   7.7797561e-01
  -4.9516621e-03
  -7.7245218e-01
  -1.5171570e-01
   3.9831446e-02
   9.3709251e-01
   9.5075500e-01
  -8.3435262e-01
  -6.8312392e-01
  -1.1385746e-01
  -7.9843876e-03
   3.6992729e-01
   8.2816553e-01
   7.9100395e-01
  -9.4943588e-01
  -8.8915071e-01
  -9.1509057e-01
  -1.7927260e-01
   5.8894309e-01
   7.5534563e-01
  -3.4024774e-02
  -3.5759711e-01
   3.4566310e-01
   8.9754421e-01
  -7.6982122e-01
   2.1378173e-02
  -4.9909936e-01
  -5.7247862e-01
  -6.9699668e-01
   5.2891435e-02
   3.2904850e-01
   2.3665131e-01
  -8.7580653e-01
  -9.6627103e-01
  -1.3510621e-01
  -5.1059778e-01
  -2.1895497e-01
   7.3182328e-01
   9.1231213e-01
   3.3621186e-01
   4.7798432e-01
  -9.8128566e-01
  -8.4693021e-01
  -5.1650855e-01
   7.4984698e-01
   4.6008953e-01
  -4.4071954e-01
  -3.6125587e-01
  -3.6377795e-01
   2.7472194e-01
   1.0903069e-02
  -5.0792828e-01
   3.5067257e-01
  -2.8274325e-01
  -5.8648068e-01
  -8.8384200e-01
  -2.5642342e-01
   6.5108397e-01
   6.4769716e-01
   4.8206976e-01
  -8.3645321e-01
  -8.2766236e-02
   1.6564199e-02
  -8.5898291e-01
  -5.6899132e-01
  -5.5852913e-01
  -1.5472851e-01
  -1.7953592e-01
  -1.6719033e-01
   1.1881119e-01
   3.4138304e-01
  -5.6604438e-01
   2.7067350e-01
   9.7010929e-01
   1.5838920e-01
  -3.5175490e-01
  -3.7452093e-01
   1.3957657e-01
  -6.0467821e-02
   9.6948088e-01
   8.2442408e-01
  -6.0766355e-01
   2.6111043e-01
  -4.7618945e-01
  -3.4231229e-01
  -2.5062078e-01
  -1.5935514e-01
   2.7930710e-01
  -8.6311661e-01
   5.5789961e-01
   9.3418442e-01
  -2.1291918e-01
  -9.6308000e-01
   8.6145689e-01
   1.8049365e-01
   7.8376155e-01
   7.6350520e-01
   6.2959196e-01
  -3.2821880e-01
  -5.8493880e-01
  -3.0891777e-01
   5.1364520e-01
  -1.6153396e-01
   3.4863969e-01
   5.9711018e-01
  -6.4736282e-01
  -1.0214297e-01
   4.4074585e-01
   6.2688811e-01
   6.2309817e-01
   5.4850615e-01
   5.8272347e-01
  -5.9856808e-01
   5.5668492e-01
   3.4871494e-01
  -6.4942398e-01
  -7.0027175e-02
   4.7642150e-01
   5.7539144e-01
   1.4599117e-01
  -6.7141611e-01
   8.3397467e-01
  -8.7313349e-01
  -5.0660955e-03
   2.5707811e-01
   5.5591967e-01
  -3.5877719e-01
   3.8291844e-01
  -4.7930303e-01
   8.7202479e-01
  -4.5833299e-01
  -4.9437789e-01
  -9.3071776e-01
  -7.9030280e-01
   4.1249560e-01
  -9.9270137e-01
   4.2729573e-01
  -5.1938696e-01
  -9.2409149e-01
   8.4356961e-01
  -9.0819510e-01
  -2.9760117e-01
   4.6003714e-01
   5.7045298e-01
  -4.0134015e-01
   5.3640822e-01
  -9.1688271e-01
  -8.0208457e-01
   7.9804554e-01
   1.5428113e-01
  -9.7620594e-01
   5.8873536e-01
  -4.2333301e-01
  -7.1631505e-02
  -3.8265750e-01
  -5.1701822e-01
   2.5448320e-01
   8.0987506e-01
   9.9203626e-01
   4.5363886e-01
  -8.3286794e-01
   9.0399883e-01
   7.9986352e-01
  -3.0093249e-01
   1.5848155e-03
   6.2727388e-01
   5.4030052e-01
  -3.0897933e-01
  -5.7895914e-01
  -5.8052568e-01
   7.4164663e-03
  -8.5675966e-01
  -7.8139106e-01
   5.9700583e-01
  -2.5620367e-01
   2.0284886e-01
  -4.8621049e-01
   7.4210324e-01
  -4.2016446e-01
  -5.4882860e-01
   9.8076212e-01
  -2.9595619e-01
  -7.0722642e-01
  -9.4543298e-01
  -9.7089630e-01
   7.8581220e-01
   6.0793441e-01
  -5.0668737e-01
  -6.3201107e-01
  -4.8979231e-01
  -9.5431557e-01
  -5.4492800e-01
   9.9010694e-01
   3.4264533e-01
   2.5767263e-01
   4.2211156e-01
  -2.7123628e-01
  -6.9027400e-01
   9.5472467e-01
  -8.7372431e-01
  -7.4092549e-01
   4.5457576e-01
  -4.9281777e-02
   9.5598497e-01
   4.0947701e-01
  -2.0163845e-01
   2.2086824e-01
   9.6108870e-01
   3.5585437e-01
  -7.5865635e-01
  -8.6287938e-01
  -1.1955750e-01
  -3.7841923e-01
  -9.8637060e-01
  -6.0755575e-01
   5.3135540e-01
   9.7475021e-01
   4.8152513e-01
  -2.1429579e-01
  -2.0690676e-01
  -6.4644107e-01
   4.3169257e-01
   8.2241540e-02
  -8.1667890e-01
  -3.1267403e-01
  -1.7097716e-01
  -1.4993620e-01
   1.1821878e-01
   3.6742986e-02
  -1.0378298e-01
   4.1285747e-01
  -1.8791211e-01
  -2.4723535e-01
   7.0204633e-01
  -6.4283651e-01
  -8.4919818e-02
  -1.6543889e-01
   9.7289432e-01
   8.0537368e-01
   6.4051115e-01
   5.1572269e-01
  -4.6786019e-04
  -5.6796217e-01
   3.8690367e-01
  -2.4481484e-01
  -1.5529669e-01
  -1.0752608e-01
   8.8273741e-01
   6.5880997e-01
   5.1756659e-01
  -8.3982149e-01
   1.5525249e-01
   5.5643047e-01
  -6.8492302e-01
   9.9950625e-01
  -8.4829944e-01
   5.8157260e-01
   2.6847399e-01
  -2.1952881e-02
   9.7922867e-01
  -4.5831357e-01
  -3.2223627e-01
  -4.3137312e-03
   6.7230988e-01
  -7.4740303e-01
  -7.6079104e-01
  -8.2166372e-02
   1.0048104e-01
   5.0674664e-01
  -1.2338562e-01
   1.7908225e-01
   8.3147264e-01
   5.7028075e-02
  -1.2187859e-02
  -5.7289330e-01
   5.0437256e-01
   4.0498925e-01
  -8.4486405e-01
  -9.7112039e-02
  -7.1395760e-01
  -6.5059596e-01
   5.1967221e-01
   6.4158121e-01
   2.9213758e-01
   1.5761027e-02
   3.2280813e-01
   9.5680408e-01
  -7.8364129e-01
   3.0964262e-01
  -2.9895858e-01
   7.6721468e-01
  -2.8197129e-01
   3.9891581e-01
   7.2767058e-01
  -3.6081860e-01
   1.3627432e-01
   7.6870430e-01
  -6.3803606e-01
  -1.6949604e-01
  -4.3365442e-01
  -9.9470079e-01
   5.1545774e-01
  -9.3469140e-01
   6.0238318e-01
  -6.0803909e-01
  -7.3454725e-01
  -8.5251209e-01
  -6.3299017e-01
   9.1457701e-01
   5.8970668e-03
   9.7969434e-01
   3.7149023e-01
  -7.8638892e-01
  -3.9143663e-01
  -8.1324515e-01
  -5.3774199e-01
  -9.4923146e-01
  -5.2884424e-01
   8.8131211e-01
  -5.2747060e-01
  -4.9010447e-01
  -8.3788926e-01
  -4.4902515e-01
   9.9389782e-01
   7.5716551e-01
   8.4319288e-02
   1.9723405e-01
   5.9457461e-01
  -4.0777016e-01
  -4.7497834e-01
   8.1253137e-01
  -8.3587771e-01
  -1.6301884e-01
   7.2441902e-01
   1.9942531e-01
   9.4765856e-01
  -9.9548561e-02
  -4.1049887e-01
  -1.4857516e-01
  -8.2523860e-01
  -9.5033752e-01
   6.5205182e-01
  -8.8607172e-01
  -7.9275185e-01
   9.6124221e-02
   7.1354939e-01
   5.1553598e-03
   5.3229269e-01
   7.7264475e-01
  -9.6496898e-01
  -5.0384973e-01
  -6.9794048e-01
   2.7968347e-01
   2.7853272e-01
   7.0879942e-01
  -2.4942587e-02
  -1.7302620e-01
   1.4026030e-01
   9.2922911e-01
  -4.6261873e-01
   2.3506291e-01
   6.0023277e-01
   9.4538459e-01
  -7.9420078e-01
  -8.1340812e-01
   2.4954034e-01
   8.5044000e-01
  -7.0592906e-01
  -1.8071703e-02
   3.6997181e-01
  -2.2376333e-02
   8.9335359e-01
   8.8190449e-01
   3.2306057e-01
   4.0961251e-01
  -9.7608454e-01
  -6.0784294e-01
   2.3786686e-01
   8.1239192e-01
   7.8039090e-01
  -8.6858049e-01
   9.1171069e-01
  -1.1769359e-01
  -4.3007971e-01
   2.0734626e-01
  -9.9631387e-02
  -8.1002646e-01
   5.5700113e-01
   4.1656853e-01
   8.6892845e-01
   5.2877937e-01
  -4.7421714e-01
   9.8809838e-01
   2.6351399e-01
   3.2693848e-01
   7.5450844e-02
   8.3584784e-01
  -6.4413100e-01
   2.7088344e-01
   3.4139073e-01
  -5.8400675e-01
  -4.9047388e-01
   9.5168673e-01
  -4.7891483e-01
   1.6546566e-01
  -5.3600416e-01
  -9.7548652e-01
   2.7251735e-01
  -6.5885139e-01
   2.4213557e-02
  -3.6829363e-01
   1.8508681e-01
   8.0450985e-01
   2.0989975e-01
   5.5891775e-01
  -6.8774201e-01
   8.0646751e-01
  -5.9194392e-01
   7.6806816e-02
  -3.3556275e-01
   6.3203059e-01
  -5.5949993e-01
   5.0163061e-01
  -5.4747819e-01
  -9.6995599e-02
   6.9445858e-01
  -3.7083371e-01
  -1.4634401e-01
   9.1732361e-01
  -9.4693600e-02
  -6.8964300e-02
  -9.8953876e-01
   7.6065947e-01
  -5.7066092e-01
   9.2061415e-03
  -2.8276971e-01
   8.1703113e-01
  -9.3615441e-01
  -8.2948103e-01
  -8.4449492e-02
   2.2986035e-01
  -3.0964269e-01
   6.0015212e-01
   6.3621659e-01
  -4.9910115e-01
  -4.9710415e-01
  -6.0223667e-01
  -6.9334432e-01
   3.6385336e-01
  -7.4280652e-01
  -4.0314835e-01
  -8.0605120e-01
   8.6105246e-01
  -3.2380965e-01
  -1.9474340e-01
  -3.2897112e-01
   9.5648693e-01
  -8.2630671e-01
   7.4273692e-01
   3.0189879e-01
  -5.3383128e-01
  -3.6278847e-01
  -2.3968341e-01
   9.8794658e-01
   4.0527133e-01
   3.9960160e-01
   3.5945921e-01
  -2.6043809e-01
   8.6175753e-01
   9.1365344e-01
   2.1397878e-01
   8.7738144e-01
  -7.1395661e-01
  -1.3375943e-02
  -2.4950012e-01
  -2.0659773e-01
  -6.9609128e-01
  -4.9988380e-01
  -9.5112632e-01
  -3.6114054e-01
  -5.3028377e-01
  -9.5062995e-01
   8.8430960e-01
   7.5461260e-01
   9.5592568e-02
  -4.1430189e-01
   9.9652183e-01
  -1.5507411e-01
   8.1020179e-01
   2.7245426e-01
  -2.9190127e-01
  -5.9899035e-01
   8.3515210e-01
  -7.3068541e-01
   6.8607449e-01
   3.3050960e-01
  -9.5718509e-01
  -6.0477870e-01
  -5.9660198e-01
   9.1961834e-01
   6.7722161e-01
  -3.8822283e-01
  -7.6603455e-01
  -5.1675685e-01
  -2.7135172e-01
   1.4556454e-01
  -6.7535050e-01
  -7.9523518e-01
  -6.2086047e-02
   9.9047905e-01
   8.4659567e-01
  -4.8602161e-01
  -6.4259672e-02
  -7.7933303e-01
  -5.3383249e-01
   1.1749660e-01
   1.0173899e-01
   2.3333786e-02
  -2.2062827e-01
   3.1770432e-01
  -9.3220099e-02
   3.8815822e-01
   8.7531902e-02
   3.9173265e-01
  -8.8829582e-01
   3.2123097e-02
   7.1250420e-01
   1.6160559e-03
  -4.4878017e-01
  -8.7578084e-02
   6.0676401e-01
   2.6037287e-01
   8.2776385e-01
  -8.6583561e-01
   3.6639862e-01
   5.4961378e-01
  -1.7408635e-01
   4.7481254e-01
   4.3718437e-01
  -1.4891175e-01
   8.3573886e-01
  -9.8260054e-01
  -9.6995590e-01
   9.3650543e-01
   6.7469945e-01
   1.3404007e-01
   7.9487796e-01
  -2.2148886e-01
   9.8454139e-01
  -7.2619353e-02
   8.5620109e-01
   1.6627331e-01
  -8.5332563e-01
  -1.6139864e-01
   7.1414588e-02
   5.9285221e-02
   9.7885648e-01
  -3.7980753e-01
   5.3074483e-01
   3.9377469e-01
  -1.8214748e-01
   3.1425591e-01
   4.9158511e-01
  -8.8589957e-01
  -2.0784303e-01
   1.7252001e-01
  -6.3185835e-02
   1.1396450e-01
  -5.7045625e-01
   7.4385260e-01
  -2.2166823e-01
   2.9815413e-01
  -4.0358288e-01
   4.7535622e-01
   4.0312577e-01
  -9.7789527e-01
   2.2139865e-01
   7.9700129e-02
   4.9259841e-01
   1.5002747e-02
   3.8870005e-01
   2.9492544e-02
   3.5493656e-01
  -3.4300227e-01
  -8.4005256e-01
   7.7514514e-01
   8.6746529e-01
  -9.4098545e-01
  -6.6661262e-02
  -4.1876297e-02
  -7.1981757e-01
   4.4526690e-01
   8.4536487e-02
  -3.7161981e-01
  -6.9764572e-01
   5.5917516e-01
  -3.2882536e-01
   1.3461139e-01
   4.9773231e-01
  -3.3326103e-01
  -3.9806344e-01
  -2.8763202e-01
   1.4997033e-01
   7.2482943e-01
   2.0557598e-02
   2.1026730e-01
  -4.1960123e-01
   5.2154048e-01
  -1.3396231e-01
  -9.1472344e-01
  -8.1319145e-01
  -9.0869772e-01
   5.6210650e-02
  -8.4534247e-01
   9.5907270e-01
   8.2185212e-01
  -1.7196335e-01
   1.2322817e-01
  -9.4022279e-01
  -3.3709562e-01
   3.7549941e-01
  -1.8530586e-01
   1.5816009e-01
  -7.8109535e-01
   1.2456749e-01
   4.5871128e-01
  -6.9924348e-01
  -8.0441235e-01
   1.5064900e-01
   2.2374338e-01
  -1.0201122e-01
   9.8540884e-01
  -6.1877034e-01
   1.5598844e-02
  -9.6292051e-01
   9.6287488e-01
  -2.2919379e-02
   7.9682182e-01
   7.4848835e-01
  -1.5906920e-01
  -8.8351521e-02
  -9.5283028e-01
   7.8884717e-02
  -9.7609748e-01
   5.8126133e-01
  -7.8991411e-01
  -7.8682792e-01
   9.0930042e-01
   2.2575692e-01
  -4.2432410e-01
  -6.3710072e-01
   1.4013358e-01
  -4.6783530e-01
  -5.5356994e-01
  -9.8958660e-01
  -2.3113951e-01
   8.0010079e-01
  -2.8275894e-01
   6.8911043e-01
  -4.7243613e-01
  -9.3614044e-01
   5.9598619e-01
  -4.4698910e-01
   3.2440423e-01
  -7.9856789e-01
   6.0552981e-01
  -6.7524685e-01
   7.0134454e-01
   6.2013246e-01
  -1.5633803e-01
  -6.8841837e-01
   1.9923902e-01
  -3.9689040e-01
  -7.0294426e-01
   3.0463519e-01
   3.8762757e-01
   7.1653972e-01
  -6.3504086e-01
   4.9287083e-01
   8.7490000e-02
   8.6512450e-01
  -9.0697139e-01
   7.6623359e-01
   8.3724721e-01
  -5.2836846e-01
   4.0476109e-01
   3.2967985e-01
  -4.7722958e-01
   6.3584384e-01
   7.5191159e-02
  -6.4797911e-01
  -4.5370097e-01
   7.2262363e-01
  -1.8371009e-01
   4.0363994e-01
  -3.0419538e-01
   2.2338028e-01
  -1.6680099e-01
  -9.8413505e-01
  -7.4600976e-02
  -4.9519283e-01
  -3.5307032e-01
   5.7072334e-01
   2.2287626e-01
   3.6658990e-01
  -9.3241423e-01
   4.8295738e-01
   9.4494639e-01
  -6.4407361e-01
   3.3387009e-01
   4.5959399e-01
  -4.0152623e-01
  -9.6247874e-01
   9.9077821e-01
   3.5420781e-01
   4.9428883e-01
  -6.8363473e-01
  -5.3221159e-01
  -1.1001515e-01
  -1.5051099e-01
  -7.3659712e-01
  -6.4118821e-01
  -1.4885717e-02
   9.6293194e-01
  -3.4123227e-01
  -1.7443941e-01
  -5.9707704e-02
  -6.7715841e-01
  -7.4007466e-01
  -1.4815689e-01
   4.9032105e-01
   6.8249812e-01
  -1.3029963e-01
   3.9521645e-01
   4.1997925e-01
  -7.6389785e-01
  -3.0132562e-01
   7.3731405e-01
   7.2101177e-01
   6.8776342e-01
   5.9798978e-01
  -9.0488510e-01
   1.2763369e-01
  -4.5364476e-01
  -4.9570454e-01
   8.8910247e-01
  -1.6918531e-02
  -5.4114030e-01
   2.2063229e-01
  -3.1788682e-01
  -3.5274034e-01
   1.6086402e-01
   4.8522706e-01
  -3.8991011e-01
  -4.6614044e-01
   9.4683668e-01
   7.6771578e-01
  -4.2391492e-02
   7.4294719e-02
  -9.6815799e-01
  -8.8650526e-01
  -1.7435184e-01
   4.8206296e-01
   8.3080703e-01
  -8.1559539e-01
  -9.4403787e-01
   3.6020564e-01
   7.5129703e-01
  -4.2947602e-01
   5.6651794e-01
   8.5777103e-01
  -4.4784041e-01
   8.5349249e-01
   3.2447618e-01
  -6.9597861e-01
   2.2563710e-01
   3.9289013e-01
  -2.3400527e-01
   4.8265618e-01
  -1.3587431e-02
  -4.1768134e-01
  -5.4621297e-01
   7.4176346e-01
   2.3839603e-01
  -8.7771960e-02
   9.3993733e-01
  -7.8931118e-01
  -2.5549777e-01
  -6.0835757e-01
  -4.8836516e-01
  -4.0670591e-01
  -9.3874054e-01
   2.1352052e-01
  -6.7094237e-01
   6.4959222e-01
  -5.8029889e-01
  -9.4620373e-01
  -2.7943950e-01
   6.8590855e-01
  -1.9098540e-01
   8.1059956e-01
   7.3470013e-01
   3.5818611e-01
   7.3737154e-01
   1.6923025e-01
   1.6308595e-01
   5.9623243e-01
   9.3323856e-02
  -8.6862116e-01
  -3.8640259e-01
   8.9653854e-01
   8.4746919e-01
  -4.5317610e-01
  -5.2306831e-02
   2.4063181e-01
  -2.3789832e-01
  -9.8095867e-01
  -4.8297086e-01
  -5.5137317e-01
   6.3105945e-01
   9.2840208e-01
  -7.3411189e-01
   9.7898539e-01
  -1.5712423e-01
   7.5615789e-01
  -9.3314787e-01
   6.0629935e-01
   4.3370210e-01
  -6.0148703e-01
   9.7176121e-01
   2.6495630e-01
   8.3329958e-01
  -6.4661777e-02
   3.8934259e-01
   1.4238264e-02
   3.6028449e-01
  -6.1567727e-01
  -3.4581969e-01
   6.5705505e-01
  -3.7079747e-01
  -8.4200936e-02
  -5.4797476e-01
  -3.8268779e-01
  -1.6978418e-01
  -5.0892975e-01
  -9.3471623e-01
  -5.8048662e-01
   5.1911323e-01
   7.3825366e-01
   6.1885524e-01
   7.9278111e-01
   5.8188556e-01
   1.4519811e-01
   7.5596352e-01
   3.7375477e-01
   6.5381837e-01
   4.0707887e-01
   5.1889176e-02
  -7.9112875e-01
   3.1752708e-01
   5.4537280e-01
   5.3145360e-02
  -2.3099350e-01
   6.3898679e-01
  -3.0569713e-02
  -9.1623832e-03
   5.5213920e-01
   6.5253447e-01
   4.7503191e-01
   3.4187333e-01
   3.8047497e-01
  -6.9733846e-01
  -7.3658013e-01
   4.4839311e-01
   4.7640796e-01
   4.3854807e-01
   8.0573351e-01
   1.0335246e-02
   4.2887893e-01
   3.4671512e-01
  -5.5216042e-01
  -7.1185982e-01
   4.2343749e-01
   7.4006497e-02
   2.8793675e-01
  -7.7915949e-01
  -8.4372095e-01
  -4.4907066e-01
  -9.6773149e-03
  -2.9961557e-01
  -5.8035233e-01
  -3.5600827e-03
   2.2142002e-01
   6.9717892e-03
  -9.4272383e-02
   1.3447547e-01
   7.9367907e-01
  -1.1439668e-01
   2.6050963e-01
   8.0152106e-01
  -1.9876971e-01
   7.6116007e-01
  -3.0219522e-01
  -6.1074968e-01
  -6.4874690e-01
   6.3797736e-01
   5.9777744e-01
   6.8009942e-01
  -9.2201489e-01
  -3.7938159e-01
   9.3973642e-01
  -5.9101286e-01
  -5.0882276e-01
   9.0309057e-01
  -8.8003039e-01
   4.6492699e-01
   7.3708629e-01
   1.8646562e-01
  -6.5072647e-01
  -7.4714188e-01
   7.7303165e-01
   3.0137833e-01
  -1.6733096e-01
  -4.2974402e-01
   4.7515956e-02
   4.1711378e-01
   5.1946958e-01
  -1.6836820e-01
  -3.3205883e-01
   8.5881887e-01
  -4.0463136e-01
   8.6985296e-01
  -8.7350766e-01
   8.9910754e-01
   6.0459014e-01
  -2.4920549e-01
   6.8406089e-01
   2.4700423e-01
   7.6447762e-01
  -7.4039906e-02
   3.6237045e-01
  -4.6825642e-01
   6.9701802e-01
   3.5107491e-01
   3.0325619e-01
  -3.5233951e-01
  -4.8369510e-01
   2.6739899e-02
   7.8679188e-01
  -7.5890955e-01
   8.8818395e-01
   8.8751797e-01
  -4.1277034e-01
  -8.5686749e-01
   1.2468308e-01
  -4.8636194e-01
   6.8974706e-01
  -3.7961523e-01
  -3.8393026e-01
   8.0920658e-01
  -1.6376738e-01
  -6.3925713e-01
   3.4135017e-01
  -7.8864488e-01
   7.2087404e-01
   3.5461683e-01
  -6.5327279e-01
  -2.1181207e-02
  -4.2752791e-01
   6.2596781e-01
  -8.4855912e-01
   1.2438810e-01
   1.2700484e-01
   1.6077788e-01
  -4.4963597e-01
   6.1221809e-02
   9.1290190e-02
   8.8177018e-02
  -4.0333602e-01
  -8.3239440e-01
  -9.7811969e-01
  -8.1186066e-01
   4.4704795e-01
  -2.0168926e-01
   4.2707979e-01
   5.3718958e-01
   7.6733056e-01
  -3.3914353e-01
  -1.6429284e-02
  -6.5804050e-01
   7.1224734e-01
   4.0439204e-02
   7.1401091e-01
  -8.4884712e-01
   8.6360352e-01
  -4.4819981e-01
  -3.5935751e-01
  -1.1126556e-01
   5.8194388e-01
  -3.4779294e-01
   4.6790964e-01
  -8.5575891e-01
  -1.1494682e-01
  -9.5851602e-01
  -8.4116558e-01
  -6.2490646e-01
  -9.1769262e-01
   6.3861301e-01
  -6.9286449e-01
  -1.1490661e-01
  -5.8442333e-01
  -5.1611596e-01
  -5.8764128e-02
   2.3904210e-01
  -1.0376889e-02
  -6.7956429e-03
   7.1917618e-02
  -3.2363531e-01
  -6.5320315e-01
   6.6863069e-01
  -2.7432853e-01
   6.6858994e-01
  -4.6864637e-01
  -2.2302752e-01
  -7.2651361e-01
   6.6171925e-01
  -5.7799643e-01
  -3.7920392e-01
   2.6006842e-01
   1.0186258e-02
   5.2289036e-01
   8.3301545e-02
   9.9952931e-01
   9.7315000e-01
   7.2653003e-01
   8.1708336e-01
  -6.9752778e-01
   5.2582464e-01
  -2.1779853e-01
  -2.6288333e-01
  -5.5672947e-01
   6.0681110e-01
  -5.5888099e-01
  -2.0310997e-01
  -1.0390212e-02
  -2.2491426e-01
   8.1125890e-01
   5.8090857e-02
   5.0296536e-01
  -2.0234866e-01
  -2.9123273e-01
  -4.1670839e-01
   3.5412469e-01
   8.7691274e-01
   3.0399850e-01
   9.1012871e-04
  -8.1443129e-01
   7.6902513e-01
  -6.3338820e-01
  -2.6901263e-01
   6.2017461e-01
  -8.2364388e-01
  -1.2679978e-01
   5.8330052e-01
   9.2834197e-01
  -9.0157752e-02
  -2.3905799e-01
  -1.9561380e-01
   8.9367336e-01
  -8.8788649e-01
   6.7291105e-01
  -9.5838861e-01
   4.8258013e-01
   5.2225746e-01
  -5.1548026e-01
  -3.9621687e-01
   4.1628772e-01
  -6.1021165e-01
  -8.1821399e-01
  -3.8324002e-01
   2.6780311e-01
  -8.6894645e-01
  -1.5763749e-01
   1.6725812e-01
  -4.8217821e-01
  -8.4314575e-01
   3.5108827e-01
   8.4029349e-01
   8.5167320e-01
   7.9188785e-01
   7.2148509e-02
  -4.2453459e-01
   8.3736477e-01
   1.2602433e-01
  -6.4031044e-01
   3.3758586e-01
  -1.1617191e-01
  -5.3141021e-01
   8.9203283e-01
  -4.8302557e-01
   5.8629018e-01
   8.5012037e-01
   8.1746848e-01
   5.0739794e-01
  -5.0454759e-02
   5.3400612e-01
  -6.0907630e-01
   7.8326237e-01
  -7.9709532e-01
  -1.6437462e-01
   8.5851193e-01
   6.7388072e-01
  -1.8558004e-01
   2.2804230e-01
  -7.4560308e-01
  -1.0347214e-01
   1.5934525e-01
  -5.3861181e-01
   3.9578076e-01
  -2.2805831e-01
   6.6870374e-01
  -9.1650803e-01
   3.4451805e-01
   3.4196022e-01
  -3.6247661e-01
   7.6723773e-01
  -5.2290365e-01
   2.3825221e-01
   5.8091200e-01
  -6.5520504e-01
   3.7144969e-01
   9.4176846e-01
  -5.9183908e-01
  -5.6074432e-01
  -1.2359238e-01
  -9.3979877e-01
  -4.7807751e-01
  -4.4977897e-01
  -2.7127376e-01
  -8.2989247e-01
   5.6969482e-01
   7.4338866e-01
   5.2377324e-01
  -4.8450838e-01
   5.4405545e-01
  -3.2798258e-01
  -5.2653879e-01
  -5.5637918e-02
   7.6536346e-01
  -6.0499752e-01
  -2.8564177e-01
   3.3532264e-01
  -7.3371819e-01
   7.1220040e-01
   7.4517459e-01
   9.1135957e-01
   3.6059078e-02
   3.0740110e-01
  -3.6585223e-01
   8.8423126e-02
   7.1752264e-01
  -8.9377752e-01
  -1.7991418e-01
   2.3383624e-01
  -7.0852142e-01
  -1.7247590e-01
   4.9040099e-01
  -1.5127622e-01
   5.4529070e-02
   3.3803772e-01
  -2.8781490e-01
   2.1960057e-01
   3.9904419e-01
  -7.4571304e-01
   7.2907969e-01
  -4.3416633e-01
  -5.2320499e-01
   2.8964483e-01
   4.0993676e-01
  -9.4808797e-01
  -8.9796573e-01
   3.6510545e-01
  -1.1400817e-01
   6.4478274e-01
  -4.1061623e-01
   8.9915465e-01
   5.8249943e-02
  -6.3518549e-01
  -5.5811915e-01
  -5.8637031e-01
   6.6986402e-01
  -6.0814849e-01
   6.0872288e-01
  -3.1984410e-01
  -2.6981960e-01
   8.7970459e-01
   9.7341673e-01
  -6.2849287e-01
   4.5339644e-01
  -3.6229755e-01
   2.2076265e-01
  -4.4216640e-01
  -8.8755674e-01
  -6.3380444e-01
   8.6719229e-01
   1.0552790e-01
   5.6241830e-01
   5.8701399e-02
   6.5466083e-02
  -7.5555718e-01
  -7.3235486e-01
   5.1458451e-01
   1.7936993e-01
   3.2985390e-01
  -8.1727549e-01
   5.7170325e-02
   3.9607306e-01
   7.6700786e-01
  -8.7299415e-01
   3.6560625e-01
  -8.4349941e-03
  -6.2998670e-01
  -7.6467761e-01
   9.6495120e-02
   7.2804282e-01
   4.1188919e-02
  -4.1275529e-01
  -8.5962858e-01
  -8.0143834e-01
   6.6437308e-01
   9.7628842e-01
   2.3822999e-01
  -9.8817064e-01
  -3.9410061e-01
   1.3748610e-01
   7.2491103e-01
   1.1510052e-03
  -7.7758985e-01
   1.1020665e-01
  -3.8475278e-01
   7.3503182e-01
  -2.3755320e-01
  -3.1380261e-01
  -6.0874460e-01
  -7.2037017e-02
  -4.9711814e-01
   5.7175890e-01
   3.8180740e-01
  -1.6508634e-01
   6.4148874e-01
   7.6065702e-01
  -9.5412849e-02
  -5.0150365e-01
   5.0679101e-01
  -3.0235788e-01
  -6.5709490e-01
   3.2615078e-01
   8.3494840e-01
  -2.9461782e-02
  -8.0755251e-01
   6.4826897e-01
  -2.3730130e-01
   6.8432210e-01
  -5.8068705e-01
  -3.6596004e-01
  -8.0291303e-02
  -1.3034023e-03
  -6.1793831e-01
  -4.5352680e-01
  -3.3981143e-01
   5.4294313e-01
   2.4440895e-01
   2.4729475e-01
   5.6855584e-02
   5.6520660e-01
   9.4305630e-01
  -6.1606283e-01
   1.5454309e-01
   2.3113744e-01
   8.2329627e-01
  -9.8175160e-01
   6.7205212e-01
   2.6221672e-01
  -4.2228378e-01
  -6.4378023e-01
   5.8351441e-02
  -2.6049292e-01
   6.5418365e-01
   4.5646658e-01
   6.3201955e-01
   3.3438557e-01
   5.0181718e-01
   5.4439589e-01
  -2.3012128e-02
  -2.6348588e-01
   5.5116343e-01
   3.3534908e-01
  -3.5394234e-01
  -3.9563361e-01
   6.8311521e-01
   5.5386867e-01
  -3.3284339e-01
  -4.6495083e-01
   9.8576780e-01
   1.6728670e-01
   9.8864338e-01
   4.5352853e-01
  -8.2621280e-01
  -1.4918166e-01
  -3.7792318e-01
   6.3672386e-01
   9.2399036e-01
  -2.3778670e-01
   9.8285562e-01
  -4.2862520e-01
  -1.2958144e-01
  -8.9440188e-02
  -1.5600976e-01
   6.9078675e-01
  -1.9824686e-01
   8.3488509e-02
  -2.8410639e-01
  -2.8022774e-01
   8.5517223e-01
   7.0954924e-01
   2.1147117e-01
  -1.9506937e-01
  -6.3446246e-02
  -4.7335822e-01
   2.6695946e-01
   7.2072665e-02
  -8.3094465e-01
  -5.4112329e-01
   4.6881334e-01
   9.4224115e-01
  -7.5133248e-01
  -7.3278152e-01
   3.1437883e-01
   4.2860536e-01
  -3.0129824e-01
  -5.0557504e-01
   2.6189317e-01
   8.3520750e-01
  -5.6378758e-01
   2.6889221e-01
  -9.0870388e-01
   6.3084513e-01
  -1.3377021e-01
  -9.2129787e-01
   6.4635706e-02
  -4.3996952e-01
   7.3738076e-02
  -6.3099135e-01
   9.3710143e-01
  -3.1834486e-01
   5.3415165e-01
   9.8103544e-01
   9.2615346e-02
  -5.9020130e-01
  -4.9652068e-01
   8.4531050e-01
   9.2024142e-01
  -5.5360053e-01
   7.6772429e-01
  -9.5016331e-01
   4.6819659e-01
   1.3032417e-02
   5.8011287e-01
  -7.1056379e-01
  -1.5420921e-01
   2.4484660e-01
  -7.9799505e-01
  -5.7008628e-01
   9.7912640e-01
   9.2178837e-01
   3.0903171e-01
   5.7497460e-01
   1.4103080e-01
   7.0403066e-01
   3.0741764e-02
   6.2617692e-01
  -5.5811814e-01
  -7.0172115e-01
   1.5328775e-01
  -8.7175087e-01
  -3.9136213e-01
  -1.2321693e-01
   2.7851539e-01
  -4.8984304e-01
   1.3617493e-02
   6.7027253e-01
   2.7760172e-01
  -8.9621779e-01
   7.4988311e-01
   1.0974444e-01
   6.4592762e-01
  -1.5052276e-01
  -6.0022904e-01
  -6.7895454e-01
  -6.2296171e-01
   9.8570576e-01
  -5.1140941e-01
  -9.2210102e-01
  -7.1134834e-01
   8.5118708e-01
  -3.9837228e-01
  -1.2910806e-01
   2.1949324e-02
   3.3444058e-01
  -6.4396492e-01
  -6.2196487e-01
   8.1151783e-01
  -8.2535970e-01
   2.9466170e-01
   5.8568640e-01
   6.3140280e-01
  -2.0285977e-01
   6.1556861e-01
  -4.3132703e-01
   2.8189962e-01
   8.7923972e-01
   5.1117923e-01
   1.3710364e-01
  -1.5397104e-01
   2.0420257e-01
   3.2204391e-01
  -7.0393639e-01
   5.1403959e-02
   9.1612972e-01
  -5.2622851e-01
   6.1520635e-01
  -8.4389470e-01
  -8.4782795e-01
   2.8137915e-01
  -4.8863205e-01
  -4.4088518e-01
  -7.3690908e-01
  -4.4314687e-01
   8.1179421e-01
  -9.4088698e-01
  -7.1168274e-01
   6.8054544e-01
   7.1802948e-01
   6.5256957e-01
   2.7239676e-01
  -4.5431748e-01
   3.9130131e-02
  -5.8263735e-01
  -5.6724770e-01
  -6.0532350e-01
  -5.8789160e-01
   3.1572284e-01
   1.6600073e-01
   9.2394917e-01
   9.9406432e-01
   1.5247387e-01
  -9.8657437e-02
  -1.9208396e-01
   6.3337504e-01
  -2.2957601e-01
   1.9729358e-01
  -9.4360168e-01
   6.9931230e-01
   6.7172358e-01
  -3.7666179e-01
  -7.8435780e-01
  -5.9354270e-01
  -8.7681834e-01
  -8.6643087e-01
  -8.0179625e-01
   8.7327761e-01
   2.0664484e-01
   7.2607215e-01
  -4.4332159e-01
   2.7185581e-02
   3.2692677e-04
   8.6680886e-01
   3.2012579e-01
   4.5973961e-01
   5.7885105e-01
   6.1175729e-01
  -3.3333501e-01
  -7.8254173e-01
   3.5532962e-01
  -8.9470779e-01
   3.8084771e-01
   3.5592478e-01
   6.0034165e-01
   5.7261689e-01
  -2.8984307e-01
   7.1259009e-01
   4.7408136e-01
  -3.6503055e-01
   8.7133505e-02
  -1.3866936e-01
   3.6479189e-01
  -5.3872753e-01
  -8.5799772e-01
  -6.0828668e-01
  -5.6530885e-01
  -9.7829824e-01
   5.4370415e-01
   3.6394271e-03
   1.7462302e-01
  -1.2648698e-01
   4.6125686e-03
  -6.1164179e-01
  -5.3458485e-01
  -5.5993503e-01
   1.9553017e-01
  -4.8609340e-01
   6.3358446e-01
  -2.1619457e-01
  -3.1929021e-01
  -5.2246184e-01
   7.5286596e-01
   7.8736658e-02
  -8.4060001e-01
  -7.9443605e-01
   4.0308426e-01
   7.3707596e-01
   6.4759016e-01
   7.1490175e-02
  -3.0476477e-01
   4.7536661e-01
  -5.7124251e-01
  -8.4173996e-01
  -4.9123640e-01
  -8.8198913e-01
   8.6265546e-01
   6.2193711e-02
   2.5784020e-01
   8.5273965e-01
   4.3683440e-01
  -2.6568365e-01
  -9.6083099e-01
  -4.9699405e-01
  -5.4038059e-01
   6.3828255e-01
   6.5028948e-01
   3.5358379e-01
  -2.2806692e-01
   5.3910740e-01
   4.5812674e-02
   8.5521748e-01
  -6.8393220e-01
   4.0109674e-01
  -1.9181358e-01
   4.5560291e-01
   9.1141917e-01
  -8.0629915e-03
   8.8676291e-01
  -1.4086365e-01
   7.7294436e-01
   1.1537667e+00
   1.0978244e-01
   7.4647528e-01
   6.6682094e-01
  -4.3595709e-02
   1.5058868e-01
   6.9181546e-01
   1.0803456e+00
   1.1943772e+00
   2.1575469e-01
   1.3325718e+00
   9.0972760e-01
  -3.5466201e-01
   3.7761147e-01
   8.9048184e-01
   7.3253315e-01
  -5.3013001e-01
   3.6875213e-01
   1.0503816e+00
  -5.9758783e-01
   2.1897805e-01
  -1.6679755e-01
  -4.5453053e-01
  -5.1753561e-01
  -5.8623706e-01
   9.7047829e-02
   7.1414474e-03
   1.1542155e-01
  -6.9045415e-01
   5.0106213e-01
   9.4186347e-03
   3.5313585e-01
  -1.3924025e-01
  -1.0787242e+00
  -1.2360163e+00
   2.2744552e-01
   2.8237800e-01
  -9.7505583e-01
  -1.7830485e-01
   4.1488024e-01
  -4.0781068e-01
  -9.2987064e-01
  -1.7803187e-01
   1.6369605e-01
   2.2316534e-01
  -6.0213910e-02
  -1.2268297e-01
  -5.9523268e-01
   2.7647822e-01
   1.0619255e+00
  -5.1685629e-01
   8.7691886e-01
   1.3842184e+00
   2.6637335e-01
  -3.2870234e-01
   1.1180140e+00
   4.2174693e-01
   7.2857972e-01
   8.0914083e-01
   9.1609963e-01
   7.1063482e-01
   1.2115955e+00
  -4.6752011e-01
  -6.2858515e-01
  -1.7920469e-02
   3.8803789e-01
   5.9021852e-01
   4.5566841e-01
   1.0499526e+00
  -3.3058724e-02
  -6.6299659e-01
   1.4393388e-01
  -2.2041316e-01
  -9.2814414e-01
  -1.0320616e+00
  -9.9773550e-01
  -6.5955389e-01
  -1.2059815e-01
  -6.8561849e-01
  -1.2858354e+00
  -5.5993167e-01
  -1.4248240e+00
  -1.4373992e+00
  -8.0796803e-01
  -7.2971272e-01
  -3.3290384e-01
  -3.8453120e-01
  -6.8013746e-01
  -1.0494412e+00
  -4.8707513e-01
  -6.5946261e-01
  -1.5782028e-01
   6.2611116e-02
   6.4641882e-01
   9.3805902e-01
  -2.5683950e-01
  -6.2298670e-01
  -4.0947389e-01
  -3.5697245e-02
   1.0063583e+00
  -3.0978258e-01
   6.4863871e-01
   1.2318092e+00
   9.9362624e-01
   2.7190933e-01
   5.4423549e-01
   8.1087131e-01
   1.0747238e+00
   1.2546558e+00
  -4.0583677e-01
   9.6615384e-01
  -2.5316626e-01
   4.4238193e-01
   7.0573985e-01
  -4.5810939e-01
   5.9520586e-01
   4.9010976e-01
   5.4295277e-01
  -4.1447764e-01
  -5.8952356e-01
   5.4066963e-01
   8.1424281e-01
   7.1529371e-01
   5.3653631e-01
  -1.9708669e-01
  -7.0584418e-01
  -2.2736844e-01
   5.5759334e-01
  -8.7742121e-01
  -1.5532990e-03
  -5.5081679e-01
  -6.3769199e-01
  -1.4532971e-01
  -1.4459633e+00
  -1.0484684e+00
   4.8781767e-01
  -5.4387633e-01
  -1.3732333e+00
  -7.9728981e-01
   2.0839681e-01
  -5.4129118e-01
   6.9317781e-01
  -1.0121704e+00
   4.0375204e-02
  -1.9023030e-01
   4.5162127e-01
   3.8075984e-01
  -5.6345743e-02
  -4.4915117e-01
  -2.9548296e-02
   5.3039851e-01
   2.4484418e-01
   5.6219170e-01
   3.7118461e-01
   1.0074579e+00
   9.6522730e-01
   5.7646959e-01
   1.4639247e+00
   3.5125889e-01
  -1.4089482e-01
   1.7278532e-01
  -2.7494088e-01
   1.1603325e-01
   1.0449144e-01
   2.2184432e-01
   4.2947007e-01
   4.8704200e-01
  -5.9791900e-01
   9.7026926e-01
  -1.8218107e-02
  -2.7946971e-01
   3.8898202e-01
  -4.9595241e-01
   6.7493402e-01
  -1.2134507e+00
   1.6772621e-02
   2.7200443e-01
  -3.9022404e-01
   5.0434595e-01
  -1.0785603e+00
  -1.2772982e+00
  -1.0629556e+00
  -1.3351629e+00
   6.8185362e-02
  -1.1064291e+00
  -5.6570404e-01
  -8.2796177e-01
  -6.3161709e-01
  -1.1522112e+00
   4.5475257e-01
   6.7731720e-01
   4.0271058e-01
  -5.7242249e-02
   1.8968475e-01
  -8.0262981e-01
  -7.4535785e-02
   3.0996839e-01
  -3.0016352e-01
   3.7658789e-01
  -2.4283633e-01
  -6.2230074e-01
   1.1827249e+00
   5.8837954e-01
   9.6850059e-01
   5.7285704e-01
   1.4726047e+00
   5.8742387e-01
   1.3425152e+00
   5.0904470e-01
   3.2586292e-01
   1.0845916e+00
   1.3181739e+00
   9.0636823e-01
  -4.9879863e-01
   1.8783997e-01
   9.5771801e-01
   1.6812285e-01
   7.3804624e-01
   9.4219372e-01
   3.2355319e-01
   3.3692238e-01
   2.5710427e-01
   1.5719047e-01
  -1.1369275e+00
   4.4349617e-01
   6.7088192e-03
   5.8977687e-01
  -5.3092653e-01
   2.1794208e-01
  -1.2811311e+00
   2.0868569e-01
  -1.3967434e+00
   1.7300929e-01
  -1.1598380e-01
  -4.2765259e-01
  -3.8024467e-01
  -9.2487040e-01
  -7.9249715e-01
  -1.0314765e+00
  -1.1147875e+00
   6.4222658e-01
  -3.0748753e-01
   3.8839780e-01
   5.6397134e-01
  -8.5158494e-01
  -2.7498305e-01
   8.6400763e-01
   1.0574552e-01
   4.1028346e-01
   5.5458129e-01
   6.2515513e-01
   5.0153876e-01
  -1.8090111e-01
   1.4299011e-01
   8.3505018e-01
  -5.8959347e-03
   9.8912958e-01
   1.2819069e-02
   3.7550944e-01
   6.4710837e-01
   1.1501406e+00
   1.3449962e+00
  -4.8068980e-01
  -3.3827950e-01
   8.9645762e-01
   4.1698793e-01
   5.6376026e-01
   1.0133573e+00
  -3.7663802e-01
  -2.7312051e-01
   5.0838300e-01
  -8.8908592e-01
  -1.0910861e+00
  -2.1878618e-01
  -9.1625662e-01
   1.5086306e-01
  -5.1728548e-01
  -6.0319950e-01
  -1.0454072e+00
  -1.1625346e+00
   4.2373726e-01
   1.6575610e-01
  -6.2540752e-01
   7.7489900e-02
  -1.8395069e-01
  -1.3021021e+00
   3.9689476e-01
   1.6697470e-01
   1.6279729e-02
  -2.7316684e-01
  -5.1940295e-01
  -1.0718231e+00
   6.4685027e-01
  -1.0638454e-01
  -7.4060023e-01
   2.0834583e-01
  -6.0757062e-01
   3.9783040e-01
   5.6805551e-01
   2.7060324e-01
   5.5394467e-02
  -5.6769898e-01
   4.1117846e-01
   1.9299354e-01
   5.4610244e-01
   1.3027454e+00
   1.0666432e+00
   1.1337277e+00
   1.4352659e+00
   4.2817322e-01
   1.1766038e+00
   1.2134350e+00
  -4.2576304e-01
   7.9601364e-01
  -3.0905738e-01
   6.8151671e-01
   7.0429479e-01
  -2.4481620e-02
   5.2557169e-01
   9.8281635e-01
   5.9296270e-01
  -3.5615342e-01
   2.6835735e-01
  -1.0344282e+00
   5.4406597e-01
  -9.3220193e-01
  -5.4215271e-01
   3.0132135e-01
   3.3542067e-01
  -1.0159861e+00
  -4.1978122e-01
   1.4360655e-01
  -6.5626298e-02
  -1.0342314e+00
  -1.0646523e+00
  -1.4651114e-01
  -3.6259187e-01
  -6.3035244e-01
  -1.9487421e-01
  -7.3191897e-01
   5.2469400e-01
  -4.8193196e-01
  -6.8841605e-01
   1.6058289e-01
   7.5896345e-01
   8.1913627e-01
  -3.0610865e-03
   1.1974471e-02
   1.1491083e-02
  -5.1990987e-01
   2.8156773e-01
  -1.3169976e-01
   6.3626307e-01
  -4.4648376e-01
  -2.4175601e-01
   4.3836496e-01
  -3.5066162e-01
  -4.6992923e-01
   1.2234789e+00
  -5.0847441e-01
   1.9347349e-01
  -2.0600613e-01
   4.4453272e-01
   2.6642926e-01
   1.2294085e-01
   8.3678852e-01
   2.5848876e-02
   9.4864276e-01
  -5.5897638e-01
   3.7993971e-01
  -9.3755938e-01
  -2.5142327e-03
  -4.4071957e-01
  -1.0275228e+00
   6.7266243e-01
  -1.2124066e+00
  -2.6879500e-01
  -4.8261291e-01
  -1.3988187e+00
  -2.4429163e-01
   1.6633859e-01
   1.9528512e-01
  -1.3670409e+00
  -1.0045546e+00
  -7.3756212e-01
  -4.8360701e-01
  -4.3619648e-01
  -8.3539813e-01
   3.1274874e-01
   2.5691017e-02
   4.4865723e-01
   6.0329821e-01
   5.4500543e-01
  -2.3958138e-01
   2.6972851e-01
  -2.0962315e-01
   7.6236349e-01
   8.0148027e-01
  -5.9872653e-01
   2.6047916e-02
   7.5528001e-01
   1.3172582e+00
   4.4360989e-01
  -2.8888810e-01
  -2.3968441e-02
  -1.1534168e-01
  -2.2151150e-02
   1.2138579e+00
  -2.3864127e-01
   4.8052371e-01
  -3.9488192e-02
  -3.3891953e-02
   1.1617837e+00
   1.1752324e+00
   5.7103893e-02
   2.2114143e-01
   6.7525639e-02
   8.5476996e-01
  -8.6803239e-01
  -9.1042617e-01
   2.7113036e-01
   2.3948530e-01
  -2.6430805e-03
  -1.1010770e+00
  -5.2892436e-01
  -9.7229149e-02
   5.9510939e-02
  -1.3433329e-01
  -1.2387045e-01
  -2.8393016e-01
  -1.2296156e+00
  -6.0067415e-01
  -1.3413812e-01
  -3.1357421e-02
  -5.0482451e-01
  -1.3675016e+00
  -5.6011856e-01
  -3.8809879e-01
  -1.2274993e+00
  -4.8137196e-01
  -1.3982321e-01
  -9.4869486e-01
   6.0473269e-01
   6.4468594e-01
   3.9493113e-01
   2.1378060e-01
   9.1298430e-01
  -6.8102028e-01
  -3.5299098e-01
  -4.7653954e-01
   1.2986410e-01
   7.6249385e-01
  -1.6281332e-01
   2.0256525e-02
   7.7917339e-01
   7.4461120e-01
  -1.8374500e-01
   1.2787274e+00
   6.8429704e-01
   1.0068954e+00
   9.4470483e-01
  -5.1278729e-01
   2.7903654e-01
  -2.4758207e-01
   1.1618821e+00
   3.3478336e-01
  -7.4540948e-02
  -2.0992993e-01
  -1.9714590e-01
  -7.2268585e-01
  -3.0359928e-01
   4.2443203e-01
   3.2178830e-01
  -5.9407118e-01
  -4.9044413e-01
   5.9497728e-01
   3.3230599e-02
  -8.6052947e-01
  -9.1892713e-01
   7.0895426e-02
   3.0219338e-01
  -1.0486413e+00
  -1.4220234e-01
  -1.4229983e+00
   4.1809248e-01
  -7.7131324e-01
  -1.2838190e+00
  -6.6716533e-01
  -5.6764720e-01
  -6.6883278e-02
  -3.6514567e-01
  -6.4144300e-01
  -7.3571654e-01
   8.2298185e-01
  -8.9811748e-01
   8.0300446e-01
  -2.0708368e-01
   7.8783319e-01
  -6.6805793e-01
  -7.0028958e-01
   4.2768498e-01
   5.4698594e-01
  -2.2766016e-03
   1.0895975e+00
   5.2761248e-01
   9.1049568e-01
   1.3602254e+00
  -1.7898462e-01
   2.9445856e-01
   1.2381048e+00
   6.0953058e-01
   9.5518140e-01
   6.7385472e-01
   1.1319718e+00
   5.3978712e-01
  -6.8548456e-01
   5.4849258e-01
   2.9594364e-01
   4.7367099e-01
   7.5822840e-01
  -1.0359381e+00
   4.3831592e-01
   8.0239441e-01
   2.4529528e-01
  -1.0016263e+00
   4.3719077e-01
  -9.5835552e-01
  -1.4125564e+00
  -9.6702088e-02
  -6.8534688e-01
  -5.7259181e-01
  -1.0545105e+00
  -5.0534777e-01
  -8.4761796e-01
  -6.1196548e-01
  -7.2738495e-01
  -2.7351692e-02
  -1.3384077e-01
  -8.8051850e-01
  -9.5376732e-01
   4.3982201e-01
   4.2652086e-01
  -5.1165847e-01
   1.4776039e-01
  -4.4986795e-01
   2.3269719e-01
  -6.2877801e-01
   6.7726413e-02
   1.0074669e+00
   7.5111221e-01
   3.3762448e-01
  -4.7533213e-01
   1.0194102e+00
   2.5764283e-01
   4.1071551e-01
   1.1604912e+00
  -2.4776254e-01
   3.3340788e-01
   1.3734460e+00
  -4.9565325e-01
   1.3584071e+00
   1.3773113e+00
   1.3740428e+00
  -1.7725088e-01
   1.2011114e+00
   9.7197306e-01
   6.9205476e-01
   5.2315745e-01
  -8.1502499e-01
   7.0564698e-01
  -1.0076857e+00
  -4.3930135e-01
  -2.5745582e-01
   6.3606123e-01
  -3.8342852e-01
  -1.1380162e+00
  -4.4229668e-01
  -4.7382160e-01
  -1.5222326e-01
  -1.3661285e+00
  -1.4721555e+00
  -4.6580146e-01
  -9.2624113e-01
  -1.2341401e+00
   4.4158513e-01
  -5.0142344e-01
   8.7970798e-02
  -6.5197392e-01
  -3.5773755e-01
  -1.3680664e-02
  -9.9114826e-02
  -2.8546026e-01
  -6.0695824e-01
  -3.2611680e-01
   6.1389740e-01
   4.6138665e-01
   6.0869315e-01
   6.6231023e-02
   9.8157547e-01
  -2.4964134e-01
  -1.8619924e-01
   3.1386243e-01
   1.2862106e+00
  -4.0640312e-01
  -3.3265628e-01
  -3.1027928e-01
  -2.4618902e-01
   9.2706464e-01
   5.7499719e-01
   1.4681848e+00
   1.1778262e+00
  -1.4902878e-01
  -1.5545894e-01
  -5.7927056e-01
   5.3121422e-01
   3.9335074e-01
   4.5193545e-01
   2.6441890e-01
  -8.4799445e-01
   8.5147416e-02
   7.2579131e-01
   1.2424744e-01
  -5.7603919e-01
   4.3055074e-01
  -6.6046485e-01
  -1.0652045e+00
   4.5704472e-01
  -2.2278730e-02
   3.7660087e-01
   1.4396710e-01
  -1.3389295e+00
   5.8448464e-02
  -1.3633008e+00
  -9.8398991e-01
  -1.1832100e+00
   3.8013065e-01
  -8.5214276e-01
  -1.5879643e-01
  -1.0470514e+00
   1.6742359e-01
   6.6281171e-01
  -6.7293147e-01
   7.9555036e-01
  -7.2294079e-01
  -7.8345430e-02
  -1.4192763e-01
   1.8420609e-01
   7.9041837e-01
   1.2332040e+00
   6.4225069e-01
  -4.2363322e-01
   1.0472491e+00
  -5.1902563e-02
   2.5665138e-01
   8.5673821e-01
   2.4518941e-01
  -3.7646246e-01
   1.6782973e-01
  -2.7426918e-01
   1.1145635e+00
   5.9168891e-01
  -1.7464589e-01
   1.1733886e+00
   4.4993564e-01
   5.3184305e-01
   8.7452632e-01
  -1.1460693e-01
  -7.6502039e-01
   3.4822685e-01
  -6.3431942e-01
   1.9574153e-01
   1.7293269e-01
  -3.9188061e-01
  -7.4668756e-01
  -6.3962405e-01
   2.5612927e-01
  -1.2220529e+00
  -1.1732884e+00
  -1.2281571e+00
  -1.3801033e+00
  -3.1854541e-01
  -6.9019351e-01
  -7.0879435e-01
  -1.3556454e+00
  -4.0102951e-01
  -1.0817553e+00
  -1.1182748e+00
  -1.3684985e-01
   3.7641357e-01
   4.7138809e-01
  -5.0774725e-01
  -8.3607259e-01
  -6.5176011e-01
   8.0929334e-01
  -6.5248531e-01
   8.2706791e-01
   1.6446929e-01
   7.9659815e-01
  -3.0909284e-01
   1.1172750e+00
   2.5304524e-01
   1.1735516e+00
  -5.3593928e-01
   1.4044479e+00
   5.5052131e-01
   4.3402647e-01
   1.0155655e+00
   1.3611925e+00
   8.8366519e-01
   9.5314177e-01
  -9.1863302e-02
  -5.0410765e-01
  -5.4498335e-01
  -1.7453136e-02
   1.1707985e+00
  -5.8205416e-01
   1.1258096e+00
   1.7916559e-01
  -5.5680172e-01
  -6.6154995e-01
  -4.3662822e-01
   8.5949703e-01
  -2.8701029e-01
   4.3430253e-01
  -3.5689599e-01
  -1.0269106e+00
  -7.9696579e-02
  -1.1921346e+00
   1.5224288e-01
  -1.3558908e+00
   4.0969882e-01
  -1.2297138e+00
  -6.2373256e-01
  -6.8410415e-01
  -1.3028069e+00
  -4.1847023e-01
  -6.1624250e-01
   5.7863339e-01
  -9.7354017e-01
  -4.7962279e-02
  -8.8582391e-01
  -1.0405028e+00
   3.1585742e-01
   4.7633879e-01
  -8.2023750e-01
   6.5112544e-01
   1.5734651e-01
   1.1674390e-01
  -3.1158916e-01
  -4.3494568e-01
   1.1717647e+00
   7.6224198e-01
   1.0713711e+00
   7.4989829e-01
   7.7075699e-01
   3.0538283e-01
   8.8200938e-01
  -1.9723833e-01
   7.7533376e-01
   1.0451510e+00
   9.5915836e-01
   1.7689915e-01
  -2.4528300e-01
   1.5731486e-01
   8.5880135e-02
  -3.1491961e-01
   1.0574253e+00
   9.2075043e-01
   5.1953975e-01
   4.7339535e-01
  -2.0167778e-01
  -5.7777815e-01
   5.3648296e-01
   6.8900984e-01
   9.7799918e-02
  -1.1152337e+00
  -1.0902706e+00
  -9.8596365e-01
  -6.3413778e-02
   3.6128843e-01
  -3.3840477e-01
  -8.8511520e-01
  -1.4562022e+00
  -1.0642719e+00
  -8.8970796e-01
  -8.1635975e-01
   5.1246626e-02
  -6.4743471e-01
   1.5317158e-01
  -1.9897338e-01
   1.3461013e-01
  -5.6507048e-01
  -1.9015977e-01
   7.1255947e-01
   8.5138675e-01
  -8.3462699e-02
  -4.8996569e-01
   1.0776728e+00
   1.1508341e+00
   1.1014168e+00
   1.2609179e+00
  -2.6002096e-01
  -3.2565623e-01
   9.1308774e-01
   1.2254622e+00
  -2.0000849e-02
   3.4604755e-01
   1.1231802e+00
   7.9766704e-01
   1.1067036e+00
   4.5160186e-01
   8.8274597e-01
   7.1127102e-01
  -1.5022781e-01
  -5.4188509e-01
   5.0647444e-01
   4.9121675e-02
  -4.5279892e-01
   8.8637737e-01
   3.2033986e-01
  -4.7364003e-01
  -6.7358109e-01
  -5.8835232e-01
  -3.8751793e-01
  -1.0485944e+00
  -1.1465728e+00
  -1.3580603e+00
  -8.4728082e-01
   3.2712200e-01
  -1.4636509e+00
  -1.0311004e-01
  -8.0359996e-01
  -9.3818248e-01
   4.2943769e-01
  -8.4114272e-01
   3.3182847e-01
   3.1378323e-02
   4.2935562e-01
  -1.0173698e+00
   6.9917510e-01
  -6.7880535e-01
  -8.0374749e-01
  -1.4969020e-01
   1.2689582e-01
  -7.1403249e-01
  -8.2817335e-01
   2.0842939e-01
   6.4044203e-02
  -3.8354275e-01
   4.3617069e-01
   1.2438551e+00
  -2.6590671e-01
   4.5716261e-01
   3.0365992e-01
   1.1698315e+00
   1.2406727e+00
   1.1386934e+00
   2.8498442e-01
  -8.1276020e-02
  -2.4192375e-01
   2.5265528e-01
   6.8564545e-01
  -1.8011644e-01
   5.8173371e-01
  -3.7094313e-01
  -1.8910426e-01
   6.2777509e-01
   3.2145827e-01
   2.8876256e-01
   8.7217349e-01
  -5.0725852e-01
   5.5125629e-02
   4.9345659e-01
   6.7962763e-01
  -1.0415894e+00
   6.5112796e-02
  -1.1820232e-01
   3.6559602e-01
  -2.8094322e-01
   3.9979836e-01
  -4.4331858e-01
  -7.1611590e-01
  -1.0864980e+00
  -1.4695840e+00
  -6.7121557e-02
  -3.9013059e-01
   3.1051118e-01
   1.5648360e-01
   3.8073084e-01
  -1.1410593e+00
  -6.1910732e-01
  -6.6314353e-01
   6.5667313e-01
   6.2890126e-01
   2.0912984e-01
  -6.0578387e-01
   7.8812131e-01
   2.0089422e-01
   1.0836636e+00
   6.1736956e-01
   7.6721678e-01
   4.6516990e-01
   5.1993570e-02
   1.2029348e+00
  -4.7035894e-01
   3.8826615e-01
   1.3359182e+00
   5.4812197e-01
  -6.4844129e-02
  -4.6997404e-01
   1.0118416e+00
   1.3621343e+00
  -2.2402226e-01
   1.1973910e+00
  -2.1456691e-01
   3.3859530e-01
   3.1702702e-01
   8.3565087e-02
  -4.8576133e-01
   9.2756323e-01
  -1.9559440e-01
  -4.7107275e-01
  -6.3986796e-01
  -9.5847251e-01
  -6.4453695e-01
   1.5013977e-01
   2.3018675e-01
   4.8275816e-01
  -7.5280979e-01
  -1.2584929e+00
  -9.0452053e-01
  -2.8865135e-01
  -1.0174944e-01
   3.0043287e-01
  -4.9955975e-01
  -2.1409240e-01
  -6.7937765e-01
  -6.0432680e-01
   5.0138461e-01
  -3.3267929e-01
  -2.0275233e-01
   1.5146052e-01
  -1.1655621e-01
  -5.9389713e-01
  -4.5356225e-01
  -4.0507245e-01
   7.4924146e-01
   3.2152029e-01
  -1.3946526e-01
   1.1479908e+00
  -2.4812054e-01
   5.0180468e-01
   1.1785937e+00
   1.2834686e+00
  -2.7465312e-01
   1.1361396e+00
   9.0408708e-01
   3.8723728e-01
   1.0581600e+00
   5.9742546e-01
   4.1407784e-02
   1.4146024e+00
   1.3138836e+00
   5.3600802e-01
   6.4559161e-01
  -2.4549606e-01
  -2.1162645e-01
  -4.5216392e-01
   4.3005046e-01
   2.4363296e-01
  -9.0929987e-01
  -6.6214860e-01
  -3.4559324e-01
   2.5082379e-01
  -1.1583021e+00
  -8.8891498e-01
  -2.7969820e-01
   3.6242081e-01
  -1.4221685e+00
   4.1301755e-01
   5.0833934e-01
  -2.5041510e-01
  -1.1622073e+00
  -5.5192898e-01
  -8.0018241e-01
  -1.3894871e-01
   1.4711362e-01
  -3.6455695e-01
  -4.1561508e-02
  -1.1017057e+00
   3.1060725e-01
  -5.8063719e-01
  -1.1308487e-01
  -5.3546610e-01
  -8.1747638e-01
   9.3690941e-01
   1.5920137e-01
   4.8971921e-01
  -5.1923523e-01
   8.9692003e-01
   3.6647284e-01
  -9.1050567e-01
   9.0300130e-01
  -8.9691858e-01
   8.2330116e-01
  -5.2157273e-01
   5.3216515e-01
   1.5828813e-01
   8.5333917e-02
   6.3422222e-02
   8.9965529e-01
  -5.6516964e-01
  -2.5579424e-01
   2.0778971e-01
   3.8242707e-01
   1.8022766e-01
  -4.7736751e-01
  -1.4349844e-01
   7.8264805e-01
   5.0952635e-01
  -2.3772921e-01
  -8.0205624e-01
  -7.3561391e-01
   2.7740304e-01
   8.4587858e-01
   6.3427762e-01
  -7.9920680e-01
  -2.5830635e-01
  -2.4021961e-01
   8.0268428e-01
  -8.8329473e-01
   2.3676398e-01
   1.4661006e-01
   3.1362912e-01
   1.3537675e-01
  -8.5013244e-01
   5.1456580e-01
  -4.5323772e-02
   5.8313871e-01
  -3.3816743e-01
   3.5664820e-01
  -3.3289786e-01
  -6.2118657e-02
  -3.7549747e-01
   3.9742005e-01
   8.7325838e-02
  -9.6816520e-01
  -2.7579750e-01
  -5.6525389e-01
   1.8558788e-01
   6.5482559e-01
  -5.9607131e-02
  -3.5823528e-02
   6.3989131e-01
  -3.3431325e-01
  -6.0063242e-01
   2.5287198e-02
   2.2764771e-01
   2.3250279e-01
  -9.3506061e-01
  -6.5530278e-01
   3.9636573e-01
  -5.3787858e-01
  -4.9039182e-01
  -1.8221355e-01
   7.4705018e-01
   8.3978107e-01
  -3.9173998e-01
  -7.1189665e-01
  -8.8596668e-01
  -2.6920295e-01
  -6.9218378e-01
  -7.0571345e-01
  -3.8295707e-01
   3.5050668e-03
  -8.0084634e-01
  -8.7941427e-01
  -3.9250706e-01
   2.8137915e-01
  -5.0124441e-01
  -4.0229682e-01
   4.0267854e-01
  -6.2614257e-01
   8.3427586e-01
  -4.4478359e-01
   3.2473122e-02
  -2.2783955e-01
  -6.7263665e-01
  -2.3054763e-01
  -8.5057760e-01
  -3.4773672e-01
   4.0026589e-02
   2.3456748e-01
  -5.3328276e-01
  -5.3138518e-03
  -3.4262267e-01
   6.7158111e-01
  -8.1004953e-01
   4.9020423e-01
  -6.9984549e-01
   9.2945003e-01
   5.7597496e-01
  -3.3202926e-01
  -8.7949594e-01
  -5.9333017e-01
   8.5805806e-01
   9.1411101e-01
   7.1455880e-01
   4.7964037e-01
   7.5632933e-01
   2.5040735e-01
   6.9864858e-01
   3.8615567e-02
  -4.7645374e-01
  -2.5363476e-01
   6.0893449e-02
   5.9837566e-01
  -4.7028450e-01
   8.2674600e-01
  -4.1674962e-01
  -3.4094570e-01
   1.5002644e-01
   5.5079383e-01
   1.5792038e-03
   8.5219255e-01
   5.5919920e-01
   4.8466418e-01
   8.3449960e-01
  -7.2397077e-01
   6.3392301e-01
  -5.1188247e-01
  -7.9974510e-01
  -2.3591910e-01
  -8.1326854e-01
  -3.3494053e-01
   8.5976153e-01
   1.7821019e-01
   3.2068789e-01
   6.8504396e-01
   6.3733187e-02
  -1.0017623e-01
  -1.7701327e-01
  -6.4873411e-01
   9.2092228e-01
   7.3354603e-01
   4.2429788e-01
   7.6681713e-01
   3.9718349e-01
   8.9383874e-01
   9.3051112e-01
  -3.1517884e-01
  -6.6350837e-01
   2.9337639e-01
  -2.4115234e-01
  -1.9817636e-03
  -6.4960887e-01
  -7.0352648e-01
   5.3583864e-01
   3.0154705e-01
   9.2322111e-01
  -4.9997419e-01
  -9.0063796e-01
   9.1746072e-01
   1.2606004e-01
   8.4111381e-01
  -8.6703045e-01
  -8.5978561e-01
  -4.1338170e-01
   1.7099289e-01
   1.2345188e-01
   7.4889852e-02
  -3.2375005e-01
  -6.0954544e-01
   4.8255733e-01
  -9.0786628e-01
   9.8596854e-01
  -1.0159700e-01
   6.4254362e-01
   8.2355875e-01
  -3.1817233e-01
  -4.2484538e-01
   8.9822889e-01
   5.1885690e-01
   7.7563528e-01
  -3.0277793e-01
  -8.4198311e-01
  -1.6845865e-01
  -8.0966136e-01
  -5.5517741e-01
  -1.1330728e-01
  -7.5115246e-01
  -5.2905341e-01
  -7.2483919e-01
   3.7461419e-01
  -7.6065050e-01
  -2.3207604e-01
   9.4335228e-02
  -4.7474476e-01
  -2.3374250e-01
  -8.0454241e-01
   1.7569265e-01
  -7.9732066e-01
  -6.8732978e-01
  -6.1154714e-01
  -5.1181831e-01
   9.2239620e-01
   4.3828040e-01
   2.1536974e-02
  -5.2404173e-01
   2.6297213e-01
  -1.2172721e-01
   4.7551114e-01
  -2.7896118e-01
   4.4701485e-01
   9.2456180e-01
  -9.3439072e-01
  -7.2350131e-01
  -3.1472068e-01
  -8.9807858e-01
  -6.1197336e-01
  -8.8283148e-01
  -9.9711008e-01
  -6.3626552e-01
   5.7041844e-01
   8.3561613e-01
  -1.0890416e-02
   2.3489425e-01
  -8.5048261e-02
  -4.8994809e-01
   2.7060015e-01
  -7.9543984e-01
   9.9717269e-02
  -7.8397260e-01
  -4.7278476e-01
   2.4511884e-01
  -3.7196714e-01
   8.5989526e-01
  -4.2501921e-01
   3.9454355e-01
  -8.4921067e-01
  -4.1801140e-01
  -9.8086743e-01
  -7.4415358e-01
   5.0256960e-01
  -2.2279620e-01
  -9.3810913e-01
   6.7378761e-01
  -2.9850456e-01
  -2.3743930e-01
  -7.4680093e-01
  -5.1659909e-01
  -1.6724153e-01
  -9.8566304e-01
  -1.2719309e-01
  -5.3389897e-01
  -7.3169220e-02
   4.0495432e-01
  -4.5517373e-01
   4.7068512e-01
   9.8524523e-01
   9.0320929e-01
  -5.7884182e-01
   9.8191715e-01
   8.9110595e-01
   6.8700693e-01
   1.0845049e-02
  -4.1063806e-01
   9.3911207e-01
  -7.4143454e-01
  -2.6641753e-01
  -9.3991340e-01
  -2.7194594e-01
   2.8604961e-02
   7.6722518e-01
   7.6276584e-01
   8.5697215e-01
  -1.8444069e-01
  -3.3365774e-01
  -2.0638416e-01
  -4.6798754e-01
   4.0269793e-01
   9.5931793e-01
  -8.0381378e-02
   7.4942477e-01
  -4.8611142e-01
   9.3829463e-01
   2.3145984e-01
   8.3973590e-01
   4.1397228e-01
  -4.9831312e-01
  -1.4146096e-01
  -5.9466077e-01
  -5.9006395e-01
   3.0818266e-01
  -2.0723810e-01
   3.8064552e-01
  -7.1413317e-01
   5.3185085e-01
  -7.6218858e-01
   9.8120644e-01
  -2.3878996e-01
  -7.1305753e-02
   7.2718319e-01
   1.4422008e-01
  -3.2962553e-01
  -7.5657668e-01
  -4.3097706e-01
   6.4939677e-01
   3.2143750e-01
  -2.6812995e-01
   3.6067021e-01
   5.3589867e-01
  -3.4283280e-01
  -6.2510025e-02
   3.0381123e-01
  -3.3575392e-01
   6.9952950e-01
   4.0831725e-01
  -2.5698586e-01
   5.8623141e-01
  -5.5093947e-01
   6.1558260e-01
  -4.3440875e-01
   6.9690026e-01
  -7.4546423e-01
  -7.5909960e-01
  -3.4999197e-01
  -6.8147906e-01
   8.9624241e-01
   8.5732266e-01
   2.9915429e-01
   8.3112969e-01
  -5.3588177e-01
   9.5886341e-02
   3.4759768e-01
   3.6346878e-01
  -6.6932407e-02
   7.9943116e-01
  -8.7580118e-01
   4.4807812e-01
  -9.3487341e-01
  -5.9924403e-01
   4.8057831e-01
  -6.6941135e-01
   6.5588057e-02
  -2.2872812e-01
   4.6811905e-01
  -2.0873851e-01
   8.7198564e-01
   6.4036121e-01
  -1.1743185e-01
   2.5721642e-01
  -4.2153495e-01
  -5.6316413e-01
  -1.5396552e-01
   7.6664131e-01
  -2.4248266e-01
   5.6987515e-01
  -8.5255612e-01
   6.2154465e-01
  -3.1557587e-01
  -1.5514953e-01
  -2.4708580e-01
  -2.8878973e-01
   8.6833964e-01
  -3.9443595e-01
  -2.0223749e-01
  -5.0420752e-01
  -6.0823604e-01
  -8.7454049e-01
   2.2657971e-01
   2.4304089e-01
  -3.2836828e-01
  -7.8770364e-01
  -6.0349728e-01
   6.7018900e-02
  -5.0422134e-01
  -1.4409056e-01
  -3.5002713e-01
   3.0334081e-01
  -5.4963069e-01
   8.9225604e-01
   4.1265109e-02
   8.2064659e-01
  -8.2680063e-01
   2.7950363e-01
  -2.8119019e-01
   9.5919100e-01
  -7.7335981e-01
   5.8728972e-01
  -2.7243283e-01
  -3.7605931e-01
   5.2514294e-02
  -7.2223769e-01
   8.9477752e-01
   9.8241344e-01
   8.1813515e-01
  -4.2477496e-01
  -1.9620697e-01
   6.8186950e-02
   2.6885120e-01
   3.7823733e-01
  -6.2962671e-01
  -2.3440918e-01
  -7.3634637e-01
  -9.6998360e-01
  -2.4813678e-01
   7.9313944e-01
  -3.1268872e-01
  -4.3848020e-01
   7.5230997e-01
  -5.3189974e-01
   4.3780569e-01
   6.9615643e-01
  -8.9078493e-01
  -6.1954738e-03
   5.9368063e-01
  -8.5459431e-01
  -3.8980740e-01
   8.4554624e-01
   1.5890422e-01
   6.4670442e-01
  -5.3316811e-01
  -7.5751328e-01
   8.8207296e-01
   9.9389221e-01
  -4.1055718e-01
  -4.3745417e-01
   4.4662109e-01
   7.7173926e-01
   6.7847295e-03
  -2.1629607e-01
   7.8704432e-01
  -9.2643968e-01
  -4.7853707e-01
   9.6873233e-01
  -3.7488355e-01
  -5.3166297e-01
   1.5893165e-01
   5.6813538e-01
  -9.2933112e-01
   1.8090396e-01
  -3.4258891e-01
  -5.3148371e-01
  -8.6094517e-01
   8.1545979e-01
   4.8456482e-02
   9.8278148e-02
  -7.1113295e-01
   7.7815905e-01
   1.0000691e-01
  -6.6359138e-01
   9.8236934e-01
  -4.6715744e-01
   9.5226326e-01
   8.8702412e-01
   5.2434978e-02
  -2.0533015e-01
   9.6254127e-01
  -6.7204310e-01
   1.9627337e-01
   4.5005979e-01
   4.4044904e-01
  -3.0968147e-01
   6.5470721e-02
   1.8714557e-01
   9.7232395e-01
  -7.1606772e-01
  -4.2439773e-01
   2.9918895e-02
  -4.8002359e-02
  -1.3100478e-02
  -2.0770058e-01
  -4.3580428e-01
  -7.0213457e-01
   3.4712458e-01
  -2.5747777e-01
  -3.7440064e-01
   5.3936334e-01
   2.7402118e-01
   1.6867699e-01
   8.3973585e-01
   9.6346306e-03
   4.6077282e-01
  -8.0381048e-01
  -1.2668224e-02
  -6.1511057e-01
   4.0353118e-01
  -9.0157943e-01
   9.2603321e-01
  -1.7980284e-01
   1.5918613e-01
  -8.8967262e-02
  -7.2820248e-01
  -4.0661435e-01
  -3.2914470e-01
   7.3499173e-01
   3.2981961e-01
   4.5919242e-01
   1.6582162e-01
   5.6637548e-01
   9.3487840e-02
   2.1916198e-01
  -6.2956353e-01
  -1.4353728e-01
   2.6792153e-01
   7.0801690e-01
  -3.7029002e-01
   9.8374538e-01
   7.9944453e-01
  -2.3868825e-01
  -1.4563614e-01
  -6.2277353e-01
   6.5031264e-01
   8.5143672e-01
   2.4286893e-01
  -3.4048347e-02
   8.0439594e-02
   1.4503794e-01
  -4.4869257e-01
  -8.9426966e-01
   7.3989883e-01
   4.2313677e-01
  -3.9942532e-01
   9.2564480e-01
  -5.3234004e-01
   8.4346894e-02
   3.6810722e-01
  -2.7855632e-01
  -4.7210328e-01
   1.0968257e-01
  -9.2749499e-01
   6.7049862e-01
  -2.4412118e-01
  -1.0721688e-01
   1.8664047e-01
   6.1609788e-01
   1.7019162e-01
   9.5343162e-01
  -9.1392897e-01
  -9.1119272e-01
   9.7695944e-01
   7.7521168e-01
   1.8580276e-01
  -9.6746514e-01
  -2.0285530e-01
   1.8017138e-01
   2.7152790e-01
  -9.8141385e-01
   4.8457518e-01
   5.0147627e-01
   3.7960654e-01
   1.3288967e-01
   4.0010337e-02
   2.4070447e-01
  -1.0438261e-01
   7.9958845e-01
   6.6796225e-01
  -5.3389470e-01
  -8.2228738e-01
   3.5229414e-01
  -1.7938056e-01
  -2.5122692e-01
  -5.1023582e-02
  -1.3397403e-01
  -4.7756505e-01
  -2.7495281e-01
  -2.9989924e-01
  -8.1726381e-01
   4.8958308e-01
  -6.7677318e-01
  -3.5769920e-01
  -6.6145986e-01
   3.6898641e-01
   2.0682850e-02
   6.1342960e-01
   2.2763346e-03
   8.3428436e-01
  -9.0343392e-01
   9.4990879e-01
   2.0311073e-02
   2.8607208e-01
   7.0053609e-02
   6.3568509e-01
  -4.7778188e-01
  -6.1698238e-01
   8.6329206e-01
  -2.0384413e-01
   7.9152267e-01
   5.7459411e-01
  -5.7415757e-01
   6.4473953e-01
  -7.8023505e-01
  -1.7631128e-01
  -2.4941617e-01
  -2.5381739e-01
  -2.4255828e-01
  -4.1387496e-01
   5.2417361e-01
  -4.4053881e-01
  -3.8242949e-02
   8.2893254e-02
  -8.9421501e-01
  -8.9801989e-01
  -5.1813769e-01
   6.0436961e-01
  -5.8669619e-01
   8.2240992e-01
   7.5983676e-01
   5.4504932e-01
   2.5878096e-01
   4.3440976e-01
  -1.1421645e-01
   7.9259808e-01
   4.5541579e-01
   1.8889850e-01
  -7.9956939e-01
  -3.7336643e-01
   7.1195328e-01
  -1.0186541e-01
   3.2045771e-01
  -2.6251958e-02
  -9.4577508e-01
   2.4817822e-01
  -8.3728512e-01
  -5.7532916e-01
  -9.1016335e-01
   3.9157321e-01
  -4.1909682e-02
   8.7751688e-01
   2.7104936e-01
  -2.8608238e-01
  -5.4751320e-01
  -4.7243543e-01
   4.2623504e-02
  -6.1259376e-01
   1.2144334e-01
   2.9270781e-01
   2.0546484e-01
   6.2019134e-02
  -8.8143885e-02
   9.2831677e-01
  -9.6731108e-01
   8.9218823e-01
   8.2140645e-01
   9.2760208e-01
  -3.1243115e-01
   7.0586590e-01
   4.8519016e-01
   8.4036638e-02
  -8.9916581e-01
   2.2568111e-01
   6.1659303e-01
   5.5416723e-01
   7.4438937e-01
  -8.2145476e-01
  -2.1308720e-01
   4.7980823e-01
   5.5540161e-02
   7.7330795e-01
  -4.9761694e-01
  -7.2362459e-02
  -5.4115578e-01
   3.2522110e-01
  -2.8799838e-02
   1.9207205e-01
   5.5385879e-01
   1.8392697e-01
   9.7458008e-01
  -7.5594201e-01
   3.4533791e-01
   9.3742578e-01
   1.3233138e-01
   1.2973191e-01
  -4.8070678e-01
   3.9503164e-02
  -1.6282983e-01
  -5.3187177e-01
   9.2916363e-01
  -9.3806935e-01
   4.0497515e-01
  -6.2679898e-01
  -5.4629385e-01
   5.5001761e-01
  -2.3880037e-01
  -5.3641752e-02
  -5.0495809e-01
  -8.7005465e-02
   1.5644413e-01
  -6.3394526e-01
   1.0524651e-01
   1.9431687e-01
  -8.0148328e-01
  -7.8070740e-01
  -6.6129862e-01
   9.5472675e-01
  -3.0358732e-01
   9.0965610e-01
  -2.5530176e-01
  -3.2808453e-01
   3.1729029e-01
   6.1641811e-01
  -1.1710474e-01
   7.6435065e-01
   1.1910895e-01
  -8.9806909e-01
   9.2904837e-01
  -5.7558292e-01
   5.1176148e-01
   2.0557105e-01
  -4.6702145e-01
  -8.0252303e-01
   6.6395811e-01
   1.4008724e-01
  -4.9661619e-01
  -9.8977291e-01
   9.5455477e-01
  -1.2651695e-01
  -6.8586021e-01
   2.1916379e-01
   1.2086128e-01
   7.8708580e-01
   4.9571192e-01
  -2.7915028e-01
  -2.8944135e-01
  -7.6915956e-01
  -4.4543505e-01
   5.1438575e-02
   3.0908977e-01
  -3.1527193e-01
   6.7652677e-01
   6.1371242e-03
  -9.4367532e-01
   2.2150580e-01
  -9.6217173e-01
   2.5077088e-01
  -5.8308690e-01
  -7.3938536e-01
  -5.7722045e-02
   9.4798937e-01
   2.8571552e-01
  -4.4535096e-01
   5.9921686e-01
   7.0342509e-01
   4.1394363e-01
  -3.9735605e-01
   5.0655313e-01
  -7.0462061e-01
  -4.6933516e-01
  -9.7107160e-01
  -1.7051572e-01
  -2.2246395e-01
  -9.3492511e-01
   8.6989724e-01
   4.1706383e-01
   8.9132665e-01
  -7.8216087e-01
  -8.6556793e-01
  -5.4438299e-01
   1.5792883e-01
   7.2311425e-01
  -1.6233001e-01
   1.9860962e-02
   8.4797901e-01
   4.6614707e-03
  -7.2349056e-01
  -4.1608167e-01
   2.3801730e-01
  -8.1604011e-01
   3.1323021e-01
   1.5777032e-01
  -3.6254670e-01
  -1.1391865e-02
   4.1647527e-01
   9.7105103e-01
   3.5293257e-01
   3.8108510e-01
   6.8166575e-01
   2.2540651e-01
  -5.2988935e-01
   8.9735514e-01
   9.9218730e-01
  -1.8258388e-01
  -6.3548436e-01
   3.8441229e-01
  -7.3889557e-01
  -4.6920871e-01
  -9.8876286e-01
  -3.0034053e-02
   9.0339071e-01
  -4.0260049e-01
   2.2535851e-01
   3.8342293e-01
   4.5778173e-03
  -1.9432958e-01
   7.5944850e-01
   7.6973436e-01
  -7.3293352e-01
  -5.8780699e-01
   2.3278955e-01
  -1.4595405e-01
   6.8038643e-01
  -9.6692127e-01
   5.4903095e-01
  -2.4080170e-01
  -9.7536488e-01
   2.0626879e-01
  -3.3805600e-01
   5.0539276e-01
   2.2559260e-01
  -9.8145734e-01
   9.9375414e-01
   7.8885044e-01
  -9.1848105e-01
   4.7367680e-01
  -4.7909697e-01
   7.7835333e-01
   8.4825005e-01
  -7.3835146e-01
  -7.3076602e-01
   2.2279106e-01
  -7.4896853e-01
   7.0141231e-01
  -3.6627553e-02
  -9.4279587e-01
  -2.4968501e-01
   7.6486809e-01
  -4.5434687e-01
  -9.0025044e-01
  -1.2480279e-01
   7.7046169e-01
  -6.6899467e-01
  -8.8963958e-01
  -3.6722224e-02
   9.0664817e-01
   1.2260630e-01
   2.2503197e-01
   4.2132252e-01
   7.5257233e-01
  -1.5036602e-01
  -9.4649696e-01
   1.5990264e-01
  -2.3883499e-01
   8.6528846e-01
   3.8828335e-01
  -6.3227580e-01
   1.5604300e-01
   7.3609184e-01
   7.4802162e-01
  -6.8793320e-01
  -9.8496533e-01
   6.6579837e-01
   6.3711467e-01
  -4.2676282e-01
  -5.1912375e-01
   3.9921268e-02
  -6.5686389e-01
  -1.0087422e-01
  -8.9602251e-01
   9.6959532e-01
   1.4777955e-01
   2.3980494e-01
   4.7862922e-01
  -6.1471016e-01
   9.1390456e-01
  -2.1241217e-01
   4.2857800e-01
  -9.1231024e-01
  -6.7920827e-01
   4.3248438e-03
   6.0861390e-01
  -1.0955319e-02
   8.8290689e-03
  -8.5622238e-01
  -1.1467381e-01
   4.6666180e-01
   6.6701460e-01
  -8.2402945e-01
  -7.8057629e-02
   1.3286511e-01
   5.8093598e-02
   3.2977151e-01
   5.6002923e-01
   5.8274799e-01
   5.1086116e-01
  -7.9733963e-01
   8.3492255e-01
   9.8043366e-01
  -6.8478760e-02
  -5.8252850e-01
  -1.1772744e-01
   5.6249479e-01
   9.6064944e-01
  -8.3588219e-01
  -7.7059237e-01
  -3.0116604e-01
   1.8988012e-01
   2.7589725e-01
  -4.9183889e-01
  -9.2489559e-01
  -6.6577538e-01
  -5.9976014e-02
   3.3294688e-01
  -7.9511843e-01
   9.8601280e-01
   4.2633170e-01
  -3.0894116e-01
  -3.0226733e-01
   4.1744843e-01
   4.9078215e-01
   8.8955532e-01
   6.0173230e-01
  -7.0155743e-01
   3.4771211e-01
  -6.7033176e-01
   9.5553366e-01
   7.7727375e-01
   5.1923133e-01
   1.7529561e-01
   5.3741605e-01
   1.3500416e-01
  -7.7745260e-01
   2.0239128e-01
  -1.9728119e-03
  -3.2031472e-01
   3.2182958e-01
  -8.0025567e-01
  -3.4819914e-01
   7.2401544e-01
  -8.5426959e-01
  -6.4912995e-01
   5.0452750e-01
   7.8110762e-01
  -3.7313991e-01
   2.7617608e-01
   2.0073328e-01
  -6.4535543e-01
   5.5705273e-02
  -9.5942049e-01
   2.4620851e-01
  -5.1355810e-01
  -8.2126202e-01
  -7.4100503e-01
   2.1748622e-02
  -1.0362724e-01
   9.4398754e-01
   6.8990466e-01
   9.2463730e-01
   7.9268068e-01
  -8.4825850e-01
  -1.1975603e-02
   5.3086741e-01
  -9.0276985e-01
   3.3169524e-01
  -3.2614512e-01
  -4.1812514e-01
   7.1578489e-01
   3.8603003e-01
   8.5768290e-01
   3.1697273e-02
   5.8639232e-01
  -3.0649163e-01
   6.5350787e-01
   6.7248859e-01
   3.4140322e-01
  -8.1772939e-01
  -4.0415319e-01
  -1.6011820e-01
   1.6898622e-01
   5.5836166e-01
  -5.4210826e-01
  -9.5288928e-01
   8.9904353e-01
   3.9978850e-01
   3.1762918e-01
   8.8676301e-01
  -4.8311030e-01
   2.0970261e-01
   9.8149818e-01
   1.3927130e-01
   5.4894986e-01
   9.1541297e-01
   5.5453516e-01
   2.7424797e-01
   6.1877840e-01
   4.2863064e-01
   2.4032998e-01
   9.8213147e-01
  -9.2388562e-01
  -6.2955644e-01
  -9.4001104e-01
   7.3708949e-01
  -9.1615351e-01
  -1.7187772e-01
  -7.5788693e-01
  -4.8410389e-01
  -4.6384480e-01
   4.9483304e-01
   4.2180603e-01
  -2.0760852e-01
   2.0388806e-02
   7.9264469e-01
  -4.5203751e-01
   2.6642876e-01
   2.6252049e-01
   8.5057381e-01
   9.5666007e-01
  -1.4738045e-01
  -9.0191125e-01
   4.7380322e-01
  -5.3243925e-01
  -6.5989057e-01
   1.1007416e-01
  -8.1460519e-01
  -4.2657656e-01
  -2.8869880e-01
  -7.3071113e-01
   8.8751715e-01
   7.3942408e-01
  -5.2778253e-01
   3.0066419e-01
   7.9952712e-01
   8.9830286e-01
  -5.8909978e-01
   3.7056200e-01
  -5.9002874e-01
   5.1489742e-01
  -4.6593090e-02
  -4.3318941e-01
   7.9987546e-01
  -9.2728695e-01
  -9.0645302e-01
  -1.6550952e-01
  -1.2508868e-01
  -7.7149220e-01
  -1.6639448e-01
  -3.1878779e-01
   9.6790479e-01
  -6.9440171e-01
   1.3075102e-01
  -8.7123564e-01
   8.5069374e-01
   9.7302763e-01
   2.7740436e-01
  -1.2932540e-01
  -6.8931670e-01
  -6.7254795e-01
   6.7501960e-01
  -3.7410897e-01
  -4.1387516e-01
  -2.2310650e-01
  -4.2591579e-01
   4.0309734e-01
   5.3453563e-01
  -8.5530855e-01
   6.9697738e-01
   6.5334701e-01
   5.7050738e-01
   5.4673305e-01
   9.4370505e-01
  -7.8157234e-01
   4.2103477e-01
  -1.5860559e-01
  -4.0112168e-01
   8.0410320e-01
   1.9824339e-01
  -7.1875108e-02
  -8.1191867e-02
   3.3242307e-02
   6.7130629e-01
   5.5034703e-01
  -7.2902326e-01
  -6.5326121e-01
  -5.9102368e-01
   9.6880612e-01
  -3.9991730e-01
  -1.2655304e-01
  -6.9158818e-01
  -2.8336810e-01
   5.0416332e-01
  -5.4557110e-01
   8.5717053e-01
   6.4985348e-01
   9.1768834e-01
   5.9240186e-01
   7.9607294e-01
   5.1572065e-01
  -9.7636830e-01
  -8.6490555e-01
  -5.6103413e-01
   9.8989070e-01
   8.7843506e-01
   6.6522576e-01
  -2.7541180e-01
  -2.7704300e-01
   6.9592381e-01
  -6.0012289e-01
  -5.5748422e-02
  -4.3886086e-01
  -2.6605714e-01
  -8.9273366e-01
  -3.1089977e-02
   1.8983771e-01
  -5.3738184e-02
   3.0362105e-01
  -8.6123531e-01
   1.2050709e-01
   7.0483107e-01
  -3.2998435e-02
   8.8543035e-01
   6.8793539e-01
   7.8074553e-01
  -6.6964699e-01
  -6.3952572e-01
  -5.4212261e-01
   3.7451537e-01
   4.5360026e-01
   6.7395565e-01
  -4.3604012e-01
   4.4385731e-01
  -4.0802295e-01
   7.2755359e-01
   8.4822530e-01
   3.1468532e-01
  -4.6792152e-01
   8.3073539e-01
  -9.3771970e-02
  -2.4272294e-01
   6.9568207e-01
   7.5600674e-01
  -4.8021354e-01
  -3.4592183e-01
   9.1609984e-01
   4.4562147e-01
  -5.8190250e-01
   3.1756703e-01
  -8.0775323e-01
   8.0568204e-01
   1.6458135e-01
   2.1627151e-02
  -7.4926702e-01
  -2.5633457e-01
  -5.2693679e-01
   8.7059090e-01
   3.7949976e-01
  -4.4482709e-01
   8.3169234e-01
  -4.5493396e-02
   1.3527375e-02
   8.6174322e-01
  -1.3328394e-02
  -4.8464370e-01
  -4.2128583e-01
   4.4779428e-01
  -8.1512847e-01
   1.0385583e-01
   9.3623436e-01
  -4.8212690e-01
  -4.0118807e-01
  -4.1284248e-01
  -7.8891561e-01
  -9.0610586e-02
   5.9468493e-01
   2.7308856e-01
   8.6843915e-01
  -7.3782449e-01
  -8.1844583e-01
   1.7160835e-01
   2.9943074e-01
   7.2252363e-01
  -6.6172690e-01
  -3.3724745e-01
   4.0872861e-01
  -5.9778875e-01
  -2.2054678e-01
  -2.5313404e-03
  -1.2526394e-01
  -6.4557536e-01
   7.7449102e-01
   6.5509921e-01
  -3.6472043e-02
   6.4827066e-02
   6.1597796e-01
   5.3009028e-01
  -4.6983148e-01
  -1.6011664e-01
   2.6440241e-01
  -2.1967972e-02
   7.2104645e-01
  -9.6189077e-01
  -3.8457182e-01
  -8.7724171e-01
   9.0347145e-01
  -1.9619965e-01
  -7.3073525e-01
  -6.7077161e-01
  -7.2219368e-01
   3.1343527e-01
  -8.5500885e-01
  -2.0519940e-01
   6.7438237e-01
  -9.8373435e-01
  -5.9673610e-01
   6.3107285e-01
   5.3568281e-02
   8.5047875e-02
   8.0427259e-01
   8.3758523e-01
  -7.4733697e-01
  -7.3317847e-01
   5.8870158e-01
   3.4613912e-01
   8.1053969e-01
   4.1800362e-01
  -9.2114444e-01
   1.8851056e-02
   8.3101560e-01
  -7.6330742e-01
   7.9430432e-01
   2.9188965e-01
  -7.2241313e-01
  -8.9592419e-01
   8.1947542e-02
   1.8704715e-01
  -1.5448602e-01
   4.9733473e-01
  -1.7914821e-01
   2.0268132e-01
   4.9057963e-01
   7.3952630e-01
   7.4492637e-01
  -4.7033850e-01
  -2.5621355e-01
   9.4649319e-01
   3.8705138e-01
   1.3098948e-01
  -4.4605052e-01
  -2.0029251e-01
  -6.5764114e-02
  -8.4671843e-02
  -9.8668991e-01
   2.1427197e-01
  -7.3321146e-01
  -9.4812292e-01
   6.8078868e-01
  -1.1468733e-01
   6.9211324e-01
   8.9603767e-01
   9.8121221e-01
   4.4366084e-01
  -6.6986369e-02
   4.7127511e-01
   8.9969006e-01
  -9.1674843e-01
  -9.3730006e-01
  -2.8324427e-01
  -3.7451225e-01
  -7.5462859e-01
   6.2012845e-01
  -8.2793225e-01
   7.5475334e-02
  -8.8417770e-01
  -6.4487412e-01
   2.3687390e-01
   8.4364564e-01
  -3.2626862e-01
  -1.4169269e-01
  -4.2514414e-01
  -4.1126198e-01
   1.4452794e-01
   4.7628275e-01
  -6.1626753e-01
  -7.4482652e-01
   3.6528047e-01
   4.7840972e-01
   5.4219320e-02
  -8.5654859e-01
  -6.8313103e-01
   7.0373708e-01
   3.3682596e-01
  -2.7600031e-01
  -3.7934667e-01
   8.1582482e-01
  -7.2356755e-01
   3.9078801e-01
   8.8427133e-01
  -3.2696466e-01
   6.2230905e-01
  -5.1285555e-01
  -6.3689746e-01
   9.8477199e-01
   9.8635326e-01
   4.3138190e-01
   6.3568572e-01
  -3.3364247e-01
  -7.3530000e-01
  -2.3044944e-01
   5.1150017e-01
   4.8492215e-01
  -4.9011544e-01
   4.6767765e-01
  -9.9506927e-01
   5.9184691e-01
   3.5618314e-01
  -7.0206100e-01
  -1.3139100e-01
  -5.8162746e-01
  -6.2476083e-01
   9.2258562e-01
   5.7166553e-01
  -3.9792140e-01
   5.1741486e-03
  -2.5268778e-01
   6.3019240e-02
   5.3366604e-01
   7.2726811e-01
   7.6303363e-01
   9.2436527e-01
  -9.6843027e-01
   3.7461174e-01
   1.4135303e-01
   9.5635361e-03
  -2.9438903e-01
   4.7117513e-01
  -4.7221127e-01
   1.3679926e-01
   8.0923091e-01
  -2.6386128e-01
  -6.6463700e-01
   8.5823279e-01
  -5.9118497e-01
  -9.7015533e-01
   4.7903842e-01
  -4.5049883e-01
  -8.5809382e-01
   3.6958301e-01
  -5.0189517e-01
  -2.5398026e-03
  -4.6157832e-01
  -6.3512643e-01
  -1.8864131e-02
   2.3455781e-01
   2.0101581e-01
  -3.5494300e-01
  -1.8635553e-01
   2.7170462e-01
   2.1657450e-01
   4.5148367e-01
   2.8117254e-01
  -5.7400768e-01
   3.2149175e-01
   1.2359779e-01
   7.6600740e-01
   8.3734801e-01
   7.5117527e-01
  -3.8356581e-01
  -1.5538995e-01
  -1.2374298e-01
  -8.3355338e-01
  -9.1820863e-02
   8.3000941e-01
  -6.5012286e-01
  -2.7271882e-01
  -1.2318884e-01
   3.3074901e-01
  -6.1081143e-01
  -7.3119535e-01
   8.7827144e-01
   4.8729311e-01
  -4.2742905e-02
  -2.4603692e-02
   8.8847457e-01
   5.5965912e-01
  -4.3411535e-01
  -8.7108520e-01
  -1.0937675e-01
  -5.0723900e-01
  -9.7234016e-01
  -4.5853939e-01
  -3.2683400e-01
   4.4424448e-01
  -5.8153788e-01
   1.1914719e-01
   7.3356960e-01
   3.9801426e-01
  -8.0943480e-01
  -7.9889321e-01
   6.7343272e-01
   3.0954237e-01
   4.0348373e-01
   5.9116530e-01
   4.7671976e-01
  -3.4510630e-01
   7.4049193e-01
  -1.3539139e-01
   2.0469915e-01
  -1.3662480e-01
  -4.3482889e-01
  -8.2190180e-01
   3.3578404e-01
   9.1480156e-01
  -2.2069313e-01
   7.6837236e-02
  -4.4156034e-01
   9.6134973e-01
   2.1892872e-01
   5.5940431e-02
  -9.3744033e-01
  -9.1325066e-01
  -2.0003202e-01
   4.2056921e-01
   2.2711308e-01
   1.9865079e-02
  -9.7303874e-01
   7.8534546e-01
   2.1165001e-01
   9.0821025e-01
   7.8452203e-01
  -4.8367333e-01
   9.5713957e-01
  -9.7954618e-01
   8.6209408e-01
   2.6529871e-01
  -8.5229343e-02
   9.4031743e-01
  -3.4064843e-01
   2.8786600e-01
   6.9598305e-01
   3.2833902e-01
   9.1488720e-01
   4.5954968e-01
  -1.8135720e-01
  -2.1984250e-01
  -5.1440003e-01
  -1.5485265e-01
  -3.0607297e-02
   9.9435141e-02
   8.2163426e-01
  -4.6206526e-01
  -5.8779304e-01
   9.3888050e-01
  -9.3352902e-01
  -3.5461841e-01
   2.1472867e-01
  -3.7301274e-01
  -7.0158679e-02
  -8.9172645e-01
  -2.9433811e-01
   8.7132170e-02
  -9.3857635e-01
  -5.2887782e-01
  -8.2989844e-01
   2.7641184e-01
  -2.4923138e-01
   4.3746709e-01
   7.6449744e-01
   8.5430701e-01
  -8.2246856e-01
  -3.6154320e-02
  -1.2793424e-01
   6.9980821e-01
  -2.5280003e-02
  -8.2623894e-01
   7.1069967e-01
   7.6037075e-01
  -5.4420618e-01
  -6.9768305e-01
   1.4786074e-01
   4.8797377e-01
   6.8458061e-01
   8.1726075e-01
  -9.2431075e-02
  -1.2533276e-01
  -9.3392376e-01
   4.3964024e-01
  -4.4393757e-01
  -6.8234482e-01
   9.7189567e-01
  -1.7898181e-01
   9.5046853e-01
   6.1123326e-01
   8.9723884e-01
  -7.3316733e-02
   7.2162146e-02
  -9.8535369e-01
  -5.3140045e-01
  -7.3646358e-01
  -9.9969861e-01
   8.9509819e-01
  -7.3937347e-01
  -1.9914173e-01
   1.1247787e-01
   1.7139125e-02
   2.0200059e-01
   8.0655234e-01
   4.2875602e-01
  -8.5366639e-01
  -8.1406565e-02
  -5.7082669e-02
   4.8825326e-01
  -7.6255404e-01
   5.6663621e-01
  -2.2004921e-01
  -8.2758511e-01
   5.0317336e-01
   7.6300857e-01
  -9.3829374e-01
  -1.7446904e-01
  -4.8303297e-01
   1.7911060e-01
   6.2123050e-01
   3.0049989e-01
   4.4535566e-01
  -7.6165746e-01
   3.5451230e-01
  -5.0571240e-01
  -9.9311706e-02
   8.6657948e-01
  -5.1642871e-01
   6.6103952e-01
  -1.0343253e-01
   4.9010548e-01
  -2.8232628e-01
   5.5052686e-01
   8.2710816e-01
   9.4088408e-01
  -9.0160100e-01
   4.7202173e-01
  -9.5831897e-01
   9.5816221e-01
   6.1993882e-01
   5.6362238e-01
   9.4290385e-01
   1.3540423e-01
   2.7380684e-01
   7.0268535e-01
  -3.6391327e-02
   2.0350515e-01
  -5.4382223e-01
   4.5278729e-01
  -7.8819616e-01
   6.4889465e-01
  -3.2203961e-01
  -6.1973516e-01
   2.2118130e-02
  -4.1295970e-02
  -5.6391294e-01
  -1.1443103e-02
  -1.6686230e-02
  -1.9291029e-01
  -4.1795168e-01
   9.5089245e-01
   5.2375526e-01
  -8.6996962e-01
   1.7332359e-01
  -5.0014471e-02
  -1.4568245e-01
   4.7832075e-01
   6.2437348e-01
   9.6708959e-01
   3.0272896e-02
   9.3386012e-01
  -3.0754141e-01
   6.1894906e-01
   6.9341590e-01
   7.2505694e-02
  -3.0008628e-01
   7.7914256e-01
   7.6185225e-01
  -8.8807733e-01
  -6.5725341e-01
   3.6521526e-01
   5.3714602e-01
  -9.5712093e-02
  -5.7425331e-01
   1.9853751e-01
   2.4739720e-01
   5.1835905e-01
   1.3879051e-01
  -6.4846513e-01
  -6.0905005e-02
   5.0935872e-01
   6.5025607e-01
  -7.5927072e-02
  -3.1421299e-01
  -6.5354652e-01
   6.3162563e-01
   5.2030104e-01
  -7.7617776e-01
   4.2626558e-01
  -2.7472506e-01
   5.4044927e-01
  -6.9661716e-01
   9.3228265e-01
  -3.5032741e-01
  -3.4759518e-02
  -4.1804686e-01
  -6.6698992e-01
  -6.7313610e-01
   8.4937243e-02
   7.4654882e-01
  -6.1623432e-01
   5.3677873e-01
   7.3779305e-01
   5.5076463e-01
   6.5050213e-01
   3.2170402e-01
   5.3931750e-01
   2.6380513e-01
   9.1007050e-01
  -2.7483624e-01
   2.8507121e-01
   5.8261695e-01
  -5.2368214e-01
   3.8175077e-01
  -1.1430505e-01
  -6.8322484e-01
   5.3364327e-02
   6.6583555e-01
  -8.7858857e-01
  -7.1174820e-02
  -9.4336327e-02
   2.3091927e-01
   5.9606778e-01
  -3.5367330e-01
   5.8849626e-02
  -1.5584380e-01
   7.3878922e-01
  -2.2071150e-01
   1.0640681e-02
   5.7183036e-01
  -8.0845069e-01
   1.5448659e-01
   3.0134660e-01
   9.4889643e-01
  -5.7122062e-01
  -8.2276032e-01
   2.6222302e-01
  -7.1247622e-01
   2.8885277e-01
  -9.0751688e-01
  -1.8204997e-01
   5.7816903e-01
  -1.1251549e-01
  -2.9946191e-01
  -7.8948649e-02
   2.6665354e-02
  -5.2092422e-01
   9.2476538e-01
   7.0627125e-01
   3.3383287e-01
   5.6186172e-01
  -5.3513557e-01
  -6.3844732e-01
  -9.9855768e-01
  -3.6107538e-01
  -9.0072720e-01
   2.0889231e-01
   2.8739187e-01
  -2.2465467e-01
   6.0619641e-01
   1.4002498e-01
   2.4771793e-01
  -5.3844714e-01
   1.7035427e-01
   6.1483553e-01
   3.5973231e-01
  -4.0152401e-01
   2.9215834e-01
  -4.8414012e-01
   4.3011149e-01
   1.1703890e-01
  -6.6717161e-01
  -5.6215733e-01
  -5.5891936e-01
   6.1814492e-01
   9.8174145e-01
  -1.9467379e-01
  -9.0643985e-01
   1.9978514e-01
  -7.6262689e-01
   9.7393456e-01
   3.8263521e-05
  -7.3046604e-01
   1.1504208e-01
  -5.9497298e-01
  -1.5553190e-01
   9.4826457e-01
  -3.9349089e-01
  -7.6565651e-01
  -7.5487614e-01
  -3.7569673e-01
   4.3672395e-01
  -3.5692929e-01
  -4.9046422e-01
  -5.4487959e-01
  -7.5275744e-01
   7.5948960e-01
  -8.9089186e-01
  -3.8629862e-01
   8.3046887e-01
  -1.3534661e-02
  -5.8705004e-02
   5.4817623e-01
   3.9377310e-01
   5.8676802e-01
  -8.9198329e-01
   1.3401854e-01
   6.6606233e-01
   3.7686727e-01
  -3.7898427e-01
   3.0917780e-01
   2.0751618e-01
  -8.8588885e-01
  -1.8040421e-01
  -6.7962989e-01
  -3.8255409e-01
   6.7784393e-01
   7.8398757e-01
  -9.4514570e-01
   5.1731766e-01
  -5.9010587e-01
   9.2292031e-01
  -1.4405848e-01
   2.3793249e-01
  -1.8905058e-01
   9.2746059e-01
   6.8558786e-01
   6.9663479e-01
  -8.5758636e-01
   5.4858117e-01
   1.4055883e-01
  -6.9563808e-01
   3.8709515e-01
  -2.5721173e-01
  -8.3139930e-01
  -3.8929805e-01
   9.2206613e-01
  -5.2740533e-01
   5.0126304e-02
   5.5653138e-01
  -6.2015801e-01
  -1.3945975e-02
   1.3305237e-01
  -3.3207133e-01
   8.2809074e-01
   4.9675822e-01
  -5.7763914e-01
   7.3094131e-01
   6.2820722e-02
  -4.8338619e-02
  -2.1243838e-01
  -8.1925429e-01
   4.2586989e-01
   9.0194200e-01
   8.7099824e-01
   9.3375665e-01
  -7.7428215e-01
  -2.2068789e-01
   9.1816442e-01
  -9.0058498e-01
   1.1908240e-01
   2.4970822e-01
   7.0226910e-01
  -9.1106143e-01
  -4.2190513e-01
  -5.1031571e-01
   6.8216176e-01
   6.0412769e-01
  -8.6433241e-01
   1.5370521e-02
  -3.9503712e-01
  -7.5064991e-01
  -6.7310410e-01
  -8.5841852e-01
  -5.0325167e-01
  -1.6200412e-01
   5.4639617e-01
   4.6021324e-02
  -6.9141658e-01
  -1.6649134e-01
   7.2518413e-01
  -4.3212879e-01
   6.9064811e-02
   7.2786613e-01
   6.7459432e-01
  -6.9004490e-01
  -8.0101562e-01
  -5.6140221e-01
  -1.3260216e-01
   1.2832529e-01
   3.0797201e-01
  -3.2949947e-02
  -4.7603383e-02
  -1.8063129e-01
  -6.7847750e-01
  -4.8258733e-01
   4.9145429e-01
  -2.1489195e-01
   2.3743378e-01
  -5.5710278e-01
  -9.2136390e-01
  -4.2282731e-01
  -8.2081122e-01
  -4.6106827e-01
  -7.3035134e-01
   9.4231554e-01
  -6.5259120e-01
   8.0213796e-01
  -1.6441821e-01
   3.7326012e-01
   9.7631653e-01
   7.5725830e-01
  -4.5919127e-01
  -6.3347204e-01
  -8.3488387e-01
   7.4751681e-01
   4.3446305e-01
  -4.6514646e-01
   3.4637466e-01
   3.9286433e-01
   1.8596039e-01
  -6.8293533e-01
  -1.9607798e-01
   6.1163640e-01
   3.5450970e-01
   4.5867248e-01
  -4.2444484e-01
   1.8955137e-01
   6.6506053e-01
   9.9747110e-01
  -6.1422424e-01
  -4.7884849e-01
  -2.3474850e-01
  -2.2481706e-01
  -4.4995488e-03
  -8.3968235e-01
  -7.8436168e-01
   3.7334533e-01
  -5.2722248e-01
  -5.7970220e-01
   2.3921477e-01
  -3.6310408e-01
  -5.6095345e-01
  -3.7581325e-01
   6.0008576e-01
  -2.3342456e-01
   2.8587832e-01
   7.4256282e-01
  -1.7788566e-01
  -3.8068959e-01
  -2.2943019e-01
   6.5333641e-01
   9.3045892e-01
   1.9746259e-02
  -2.3172318e-01
   1.6044200e-01
   3.7469826e-03
   8.7211176e-01
   5.2779582e-01
   9.1608347e-01
   9.6916604e-01
   8.7041587e-01
   6.7117138e-01
  -7.3472739e-01
  -2.5564303e-01
  -1.1255090e-01
   7.4783716e-02
  -1.9743534e-01
   2.6743194e-01
  -4.5494557e-01
   3.5117710e-01
  -4.9707952e-01
   2.2961209e-01
   1.9739680e-01
  -1.7713796e-01
   5.5818833e-01
  -3.5723858e-01
   1.8276836e-01
   7.1897040e-01
  -3.8919830e-01
   5.5584542e-01
  -4.5864063e-01
   9.0532767e-01
  -9.5097834e-01
  -2.8232652e-02
  -3.0926717e-01
   5.5257107e-01
  -5.7981578e-01
  -1.7262014e-01
   3.7995567e-01
   6.1686315e-01
   3.0902327e-01
   6.6631611e-01
  -3.9257505e-01
  -8.9119037e-01
   8.4280088e-01
  -1.9466489e-01
  -3.8485284e-01
   2.1090722e-01
  -3.4508657e-02
  -5.6532870e-01
  -2.7211343e-01
  -4.0036670e-01
  -6.9841707e-01
  -7.6148227e-01
   5.4370240e-01
   8.6384665e-01
  -9.0171877e-01
  -3.6309236e-01
  -7.9597672e-01
  -7.5640932e-01
   4.7919596e-01
  -6.2987509e-01
  -1.6824377e-01
   9.3305307e-01
  -5.6193674e-01
  -3.1385143e-01
  -4.8992557e-02
   7.4844345e-01
  -3.0155128e-01
   5.2277113e-01
  -1.3763958e-01
   6.0250767e-01
   5.5449958e-01
  -2.4652714e-02
  -8.4266406e-01
   5.0223984e-01
   6.4190194e-02
  -4.9043734e-01
   5.0165865e-01
  -7.9074748e-01
   4.4898732e-01
  -8.5404859e-01
   6.0057015e-01
   6.2291385e-01
  -3.4974562e-01
   3.2323751e-01
  -3.9812119e-01
   9.2597810e-01
  -5.9866017e-01
   8.0326568e-01
  -6.6623817e-01
  -7.4068319e-01
   4.9030105e-02
  -8.5649821e-01
   2.5168717e-01
   9.6726537e-02
   5.0347017e-01
   4.8152592e-01
  -4.1691488e-02
  -8.9744613e-01
  -2.9959553e-01
   6.7135044e-01
  -2.5521796e-01
  -8.7188003e-01
  -6.4153804e-01
  -1.3140883e-01
   5.3253949e-01
   2.9823315e-01
   9.5945558e-01
   2.7349270e-01
   2.0365368e-01
  -6.9219874e-01
   4.0448208e-02
  -1.6132999e-01
   6.8080155e-01
   2.9207758e-01
  -3.6866968e-01
  -7.8727303e-01
  -1.4580433e-02
   1.3770643e-01
   4.2147223e-01
  -7.4052893e-01
  -9.4914343e-01
   7.6300406e-01
   7.0465263e-01
   2.7629936e-01
  -7.3516019e-01
  -3.4907691e-01
   1.9378407e-01
  -4.5922368e-01
   4.2753876e-01
  -8.8146997e-02
  -1.6524797e-01
  -7.0483029e-01
   7.8507076e-01
  -9.3547665e-01
   3.9530838e-01
  -2.5877987e-01
  -2.5829769e-01
   6.2936422e-01
   8.0639538e-01
  -1.5724936e-01
  -2.6392134e-01